id,newid,chr,start,stop,pval,qval,mdiff,gene,gene-distance,gene-strand,feature-type,gene-type,in-promoter,in-exon,in-intron
HDM_ESR1_Male-v-HDM_ESR1_FemaleCpGTile.28,CpGTile004322,1,5240001,5241000,2.39354457724802e-29,8.81980305704599e-27,15.2661797224592,Atp6v1h,86616,+,lnc_RNA,gene,No,No,No
HDM_ESR1_Male-v-HDM_ESR1_FemaleCpGTile.211,CpGTile007360,1,18143001,18144000,0.000922262506464698,0.0461275936028536,12.5324675324675,Gm28756,-13722,-,lnc_RNA,ncRNA_gene,No,No,No
HDM_ESR1_Male-v-HDM_ESR1_FemaleCpGTile.239,CpGTile005438,1,20685001,20686000,4.86776259031079e-05,0.00452267662195619,17.3619287917017,Pkhd1,2265,-,transcript,gene,No,Yes,Yes
HDM_ESR1_Male-v-HDM_ESR1_FemaleCpGTile.246,CpGTile007361,1,21005001,21006000,0.00022129559048523,0.0161985351547358,-17.0119620175114,Gm28064,-9935,+,pseudogenic_transcript,pseudogene,No,Yes,No
HDM_ESR1_Male-v-HDM_ESR1_FemaleCpGTile.620,CpGTile007362,1,40156001,40157000,1.37883222496626e-06,0.000179105974105873,20.1299857549858,Gm37347,28332,+,unconfirmed_transcript,gene,No,No,Yes
HDM_ESR1_Male-v-HDM_ESR1_FemaleCpGTile.871,CpGTile007363,1,57647001,57648000,5.64440552103087e-05,0.00516453474397774,-22.6446280991736,ENSMUSG00000121279,31147,+,lnc_RNA,ncRNA_gene,No,No,No
HDM_ESR1_Male-v-HDM_ESR1_FemaleCpGTile.956,CpGTile007364,1,61182001,61183000,0.000485241203806893,0.0290697244801841,-10.9960843753947,Gm11590,-18839,-,pseudogenic_transcript,pseudogene,No,No,No
HDM_ESR1_Male-v-HDM_ESR1_FemaleCpGTile.986,CpGTile007365,1,63605001,63606000,0.000110750504235763,0.00915881136526202,-15.029960623181,Gm22281,8750,-,snRNA,ncRNA_gene,No,Yes,Yes
HDM_ESR1_Male-v-HDM_ESR1_FemaleCpGTile.1015,CpGTile004630,1,65149001,65150000,0.000783454778555206,0.0413217011453898,-17.2601555747623,Cryga,-6470,-,mRNA,gene,No,Yes,Yes
HDM_ESR1_Male-v-HDM_ESR1_FemaleCpGTile.1492,CpGTile007366,1,86796001,86797000,0.000868621303908185,0.0444712678590191,-16.0012982797793,Gm37541,-5072,+,unconfirmed_transcript,gene,No,No,Yes
HDM_ESR1_Male-v-HDM_ESR1_FemaleCpGTile.1576,CpGTile007367,1,89572001,89573000,0.000451032208344254,0.0276369423908398,14.1946778711485,4933400F21Rik,38611,-,lnc_RNA,ncRNA_gene,No,No,Yes
HDM_ESR1_Male-v-HDM_ESR1_FemaleCpGTile.1662,CpGTile005448,1,91423001,91424000,0.000686862896215613,0.0378198522493073,-22.2605224963716,Traf3ip1,587,+,mRNA,gene,Yes,No,Yes
HDM_ESR1_Male-v-HDM_ESR1_FemaleCpGTile.1754,CpGTile007368,1,94188001,94189000,6.81167339236507e-09,1.12148280802267e-06,-12.3089820359282,Gm7891,55861,+,pseudogenic_transcript,pseudogene,No,No,No
HDM_ESR1_Male-v-HDM_ESR1_FemaleCpGTile.1905,CpGTile007369,1,110174001,110175000,2.57280613775426e-07,3.61977049547518e-05,-31.515731292517,Cdh7,146978,+,mRNA,gene,No,No,No
HDM_ESR1_Male-v-HDM_ESR1_FemaleCpGTile.2054,CpGTile007370,1,120732001,120733000,0.000723287389471504,0.0391640471427146,-15.5227169615659,Gm29345,-11229,+,lnc_RNA,ncRNA_gene,No,No,No
HDM_ESR1_Male-v-HDM_ESR1_FemaleCpGTile.2260,CpGTile005454,1,132848001,132849000,0.000589514668852283,0.0336494465872781,11.9676983797258,Gm55923,2483,-,miRNA,ncRNA_gene,No,No,Yes
HDM_ESR1_Male-v-HDM_ESR1_FemaleCpGTile.2287,CpGTile005792,1,133150001,133151000,1.99354706696664e-06,0.000253484609951979,-15.7346772314146,Plekha6,-22835,+,mRNA,gene,No,No,Yes
HDM_ESR1_Male-v-HDM_ESR1_FemaleCpGTile.2488,CpGTile005458,1,138767001,138768000,2.86187856374411e-06,0.000355548961592805,-10.5259617971482,Lhx9,2168,-,mRNA,gene,No,Yes,Yes
HDM_ESR1_Male-v-HDM_ESR1_FemaleCpGTile.2787,CpGTile005459,1,158123001,158124000,1.49137732224442e-07,2.1657753444932e-05,-14.7486062094011,Brinp2,35,-,transcript,gene,Yes,Yes,Yes
HDM_ESR1_Male-v-HDM_ESR1_FemaleCpGTile.2926,CpGTile007371,1,165665001,165666000,0.000920428483220426,0.0460784106777667,-18.7958619030434,Gm32999,6178,-,unconfirmed_transcript,gene,No,No,Yes
HDM_ESR1_Male-v-HDM_ESR1_FemaleCpGTile.2984,CpGTile000205,1,167259001,167260000,0.000105502948327298,0.00883273127721548,-18.1904761904762,Lrrc52,34350,-,mRNA,gene,No,No,No
HDM_ESR1_Male-v-HDM_ESR1_FemaleCpGTile.3006,CpGTile000208,1,168250001,168251000,0.000833103276956381,0.0431588146797706,-17.930794534413,Pbx1,8074,-,mRNA,gene,No,No,Yes
HDM_ESR1_Male-v-HDM_ESR1_FemaleCpGTile.3013,CpGTile007372,1,168504001,168505000,0.00010569894105012,0.00883548375338858,-10.2627534618219,1700063I16Rik,-551,-,unconfirmed_transcript,gene,Yes,No,No
HDM_ESR1_Male-v-HDM_ESR1_FemaleCpGTile.3087,CpGTile000217,1,171217001,171218000,8.31701476883753e-05,0.00731343595735995,12.6225055576219,Arhgap30,436,+,lnc_RNA,gene,Yes,Yes,Yes
HDM_ESR1_Male-v-HDM_ESR1_FemaleCpGTile.3557,CpGTile005462,1,190116001,190117000,4.3768451162972e-06,0.000528018987091123,-20.0249513145083,Gm29678,-18842,+,lnc_RNA,ncRNA_gene,No,No,No
HDM_ESR1_Male-v-HDM_ESR1_FemaleCpGTile.3776,CpGTile005463,2,7086001,7087000,0.000241880836892552,0.0172621302354653,10.3964601769911,Celf2,0,-,transcript,gene,Yes,Yes,Yes
HDM_ESR1_Male-v-HDM_ESR1_FemaleCpGTile.4111,CpGTile007373,2,26028001,26029000,0.00017376106153196,0.013331605757563,12.4159768901728,1810012K08Rik,0,+,lnc_RNA,ncRNA_gene,Yes,Yes,Yes
HDM_ESR1_Male-v-HDM_ESR1_FemaleCpGTile.4472,CpGTile007374,2,32226001,32227000,0.000989102462660958,0.0486367356683804,14.6302208034052,Ciz1,-15339,+,mRNA,gene,No,Yes,Yes
HDM_ESR1_Male-v-HDM_ESR1_FemaleCpGTile.5013,CpGTile005471,2,61375001,61376000,0.000571825210249027,0.0329161003055758,-10.9094913308685,ENSMUSG00000121191,11173,+,lnc_RNA,ncRNA_gene,No,No,No
HDM_ESR1_Male-v-HDM_ESR1_FemaleCpGTile.5284,CpGTile007375,2,74291001,74292000,0.000468324492877011,0.0283121965124093,-22.5163983303518,Lnpk,71451,-,transcript,gene,No,No,No
HDM_ESR1_Male-v-HDM_ESR1_FemaleCpGTile.5655,CpGTile004519,2,92191001,92192000,0.00013500020016183,0.0108173882818454,21.3820656999112,Large2,4867,-,lnc_RNA,gene,No,Yes,No
HDM_ESR1_Male-v-HDM_ESR1_FemaleCpGTile.6298,CpGTile007376,2,125188001,125189000,0.000421619119797672,0.0261901818845201,-11.2391193036354,Gm14003,-62104,-,lnc_RNA,ncRNA_gene,No,Yes,Yes
HDM_ESR1_Male-v-HDM_ESR1_FemaleCpGTile.6444,CpGTile007377,2,129296001,129297000,5.01392728474854e-06,0.000595590676726414,-10.9140667761357,Gm14040,60728,-,lnc_RNA,ncRNA_gene,No,No,No
HDM_ESR1_Male-v-HDM_ESR1_FemaleCpGTile.6752,CpGTile007378,2,147025001,147026000,5.57193689099451e-08,8.57429117307697e-06,19.055251094337,Nkx2-2os,-3,+,lnc_RNA,ncRNA_gene,Yes,Yes,Yes
HDM_ESR1_Male-v-HDM_ESR1_FemaleCpGTile.6993,CpGTile000505,2,153764001,153765000,0.000780879087117537,0.0412259937857974,14.1352657004831,Bpifb3,3689,+,mRNA,gene,No,Yes,Yes
HDM_ESR1_Male-v-HDM_ESR1_FemaleCpGTile.7004,CpGTile005922,2,154394001,154395000,0.000279850746503142,0.0193844917635045,-19.5502890542655,Actl10,307,+,mRNA,gene,Yes,Yes,Yes
HDM_ESR1_Male-v-HDM_ESR1_FemaleCpGTile.7104,CpGTile005926,2,156579001,156580000,4.60939109832867e-05,0.0043271549577758,-19.7316149297857,Dlgap4,15591,+,mRNA,gene,No,No,Yes
HDM_ESR1_Male-v-HDM_ESR1_FemaleCpGTile.7270,CpGTile007379,2,162540001,162541000,0.000720658531063844,0.0390749783511073,-18.0083857442348,Gm14246,18628,+,lnc_RNA,ncRNA_gene,No,No,No
HDM_ESR1_Male-v-HDM_ESR1_FemaleCpGTile.7458,CpGTile004520,2,165367001,165368000,0.000331928371820593,0.021872950633034,11.3068483881881,Slc2a10,16302,+,transcript,gene,No,No,No
HDM_ESR1_Male-v-HDM_ESR1_FemaleCpGTile.7659,CpGTile000574,2,168343001,168344000,0.000310844409842974,0.0209238220791543,21.5010683760684,Nfatc2,50197,-,transcript,gene,No,No,Yes
HDM_ESR1_Male-v-HDM_ESR1_FemaleCpGTile.7666,CpGTile005485,2,168417001,168418000,2.93844162726512e-05,0.00293665199156534,12.7583955900486,Nfatc2,14112,-,mRNA,gene,No,No,Yes
HDM_ESR1_Male-v-HDM_ESR1_FemaleCpGTile.7812,CpGTile005488,2,171577001,171578000,3.72861354520396e-07,5.13912906463868e-05,13.5309153713299,1700028P15Rik,226052,-,lnc_RNA,ncRNA_gene,No,No,No
HDM_ESR1_Male-v-HDM_ESR1_FemaleCpGTile.7842,CpGTile007380,2,172530001,172531000,0.000256027753801791,0.0180107178623931,11.4180078294911,Tfap2c,135967,+,transcript,gene,No,No,No
HDM_ESR1_Male-v-HDM_ESR1_FemaleCpGTile.7931,CpGTile000600,2,174127001,174128000,1.74377820959905e-08,2.78628957715135e-06,12.65416117492,Gnasas1,0,-,lnc_RNA,ncRNA_gene,Yes,Yes,Yes
HDM_ESR1_Male-v-HDM_ESR1_FemaleCpGTile.7956,CpGTile005967,2,174655001,174656000,0.000218187075455255,0.016036006936601,-10.2106741573034,Gm14617,24428,-,lnc_RNA,ncRNA_gene,No,No,No
HDM_ESR1_Male-v-HDM_ESR1_FemaleCpGTile.8183,CpGTile004407,3,5925001,5926000,5.3543759512989e-16,1.25013115547156e-13,25.6588669950739,Gm55270,-20101,+,miRNA,ncRNA_gene,No,No,No
HDM_ESR1_Male-v-HDM_ESR1_FemaleCpGTile.8249,CpGTile000623,3,9689001,9690000,0.000951856185661052,0.0473454402148699,18.0631717481904,Zfp704,-13857,-,mRNA,gene,No,No,No
HDM_ESR1_Male-v-HDM_ESR1_FemaleCpGTile.8514,CpGTile007381,3,31356001,31357000,0.000630563471555482,0.0353568570980553,-12.5299932815049,Slc7a14,7528,-,mRNA,gene,No,No,Yes
HDM_ESR1_Male-v-HDM_ESR1_FemaleCpGTile.8547,CpGTile005494,3,32878001,32879000,9.22288323789527e-08,1.38386654622337e-05,16.5066512434934,Usp13,6143,+,mRNA,gene,No,No,Yes
HDM_ESR1_Male-v-HDM_ESR1_FemaleCpGTile.8635,CpGTile007382,3,36890001,36891000,0.000212856639586328,0.0157910733449279,-25.1633986928105,Gm12376,-10895,-,pseudogenic_transcript,pseudogene,No,No,No
HDM_ESR1_Male-v-HDM_ESR1_FemaleCpGTile.8651,CpGTile005495,3,37654001,37655000,7.18886373677658e-06,0.00082850874343658,-27.8504672897196,Gm12565,0,-,pseudogenic_transcript,pseudogene,Yes,Yes,No
HDM_ESR1_Male-v-HDM_ESR1_FemaleCpGTile.8736,CpGTile000656,3,44035001,44036000,1.14251980876504e-08,1.85289996828659e-06,-16.3419913419913,Gm37746,124847,+,unconfirmed_transcript,gene,No,No,No
HDM_ESR1_Male-v-HDM_ESR1_FemaleCpGTile.8799,CpGTile005983,3,50950001,50951000,5.58580726478879e-06,0.000656644479317904,-21.7069449741687,Gm29230,31278,-,lnc_RNA,ncRNA_gene,No,No,No
HDM_ESR1_Male-v-HDM_ESR1_FemaleCpGTile.8870,CpGTile005991,3,52952001,52953000,0.000815650956811429,0.0426049731327929,-15.153471026965,Gm42901,-2826,-,lnc_RNA,ncRNA_gene,No,No,Yes
HDM_ESR1_Male-v-HDM_ESR1_FemaleCpGTile.9254,CpGTile006000,3,82940001,82941000,0.000133090642878122,0.010697057276579,-12.3523369286081,Fga,6481,+,mRNA,gene,No,Yes,Yes
HDM_ESR1_Male-v-HDM_ESR1_FemaleCpGTile.9268,CpGTile005496,3,83614001,83615000,4.21979990685918e-05,0.00401006770053684,14.4261233945423,Gm24584,4444,+,snRNA,ncRNA_gene,No,No,No
HDM_ESR1_Male-v-HDM_ESR1_FemaleCpGTile.9363,CpGTile005499,3,87435001,87436000,0.000720498174898625,0.0390749783511073,10.0319969885187,Etv3,2078,+,lnc_RNA,gene,No,Yes,Yes
HDM_ESR1_Male-v-HDM_ESR1_FemaleCpGTile.9796,CpGTile006017,3,98314001,98315000,0.000435828159130063,0.0268572235418584,17.2748656639116,Zfp697,24139,+,mRNA,gene,No,No,Yes
HDM_ESR1_Male-v-HDM_ESR1_FemaleCpGTile.10030,CpGTile007383,3,107507001,107508000,4.30269824662249e-05,0.00408168498184242,-12.1154630762954,Alx3,0,+,mRNA,gene,Yes,Yes,Yes
HDM_ESR1_Male-v-HDM_ESR1_FemaleCpGTile.10043,CpGTile000724,3,107780001,107781000,0.000333139875520192,0.021872950633034,-11.9167650468502,4930554G22Rik,-1111,+,unconfirmed_transcript,gene,No,No,No
HDM_ESR1_Male-v-HDM_ESR1_FemaleCpGTile.10074,CpGTile007384,3,108301001,108302000,0.000971275939515277,0.0481786575136045,-20.5729166666667,Celsr2,0,-,lnc_RNA,gene,Yes,Yes,Yes
HDM_ESR1_Male-v-HDM_ESR1_FemaleCpGTile.10213,CpGTile007385,3,116850001,116851000,0.000283530522908407,0.0195394338046248,-14.3548044217687,1700061I17Rik,20415,-,lnc_RNA,ncRNA_gene,No,No,No
HDM_ESR1_Male-v-HDM_ESR1_FemaleCpGTile.10830,CpGTile006049,3,151798001,151799000,1.84696436709438e-10,3.280147548072e-08,-12.6217819626626,Gipc2,9492,-,lnc_RNA,gene,No,No,No
HDM_ESR1_Male-v-HDM_ESR1_FemaleCpGTile.10974,CpGTile007386,4,4021001,4022000,6.38668340829104e-05,0.0057754159543397,-11.5697990222705,Sdr16c5,-1339,-,mRNA,gene,No,No,No
HDM_ESR1_Male-v-HDM_ESR1_FemaleCpGTile.11045,CpGTile000796,4,8804001,8805000,0.000533045894055075,0.0312483674880729,17.8481649069884,Chd7,-35322,+,transcript,gene,No,No,Yes
HDM_ESR1_Male-v-HDM_ESR1_FemaleCpGTile.11474,CpGTile007387,4,40908001,40909000,1.51445579718346e-06,0.000195784037872322,-11.6815856777494,Gm12397,4356,-,pseudogenic_transcript,pseudogene,No,No,No
HDM_ESR1_Male-v-HDM_ESR1_FemaleCpGTile.11931,CpGTile006077,4,57845001,57846000,0.000340211146367077,0.0222562967739001,-10.7004470938897,Pakap,0,+,mRNA,gene,Yes,Yes,Yes
HDM_ESR1_Male-v-HDM_ESR1_FemaleCpGTile.12222,CpGTile007388,4,82415001,82416000,6.0775768661113e-08,9.27335337230946e-06,-11.998361998362,Nfib,1554,-,transcript,gene,No,Yes,Yes
HDM_ESR1_Male-v-HDM_ESR1_FemaleCpGTile.12316,CpGTile007389,4,87921001,87922000,0.000614280952374856,0.0346962983758402,-12.8455284552845,Mllt3,29051,-,lnc_RNA,gene,No,No,Yes
HDM_ESR1_Male-v-HDM_ESR1_FemaleCpGTile.12386,CpGTile007390,4,94779001,94780000,8.13291855797521e-06,0.000915874672305928,-10.4000603011288,Eqtn,37032,-,mRNA,gene,No,No,No
HDM_ESR1_Male-v-HDM_ESR1_FemaleCpGTile.12595,CpGTile007391,4,106170001,106171000,0.000477180588659952,0.0286874984749586,18.9962121212121,ENSMUSG00000120027,2400,-,lnc_RNA,ncRNA_gene,No,No,No
HDM_ESR1_Male-v-HDM_ESR1_FemaleCpGTile.12811,CpGTile007392,4,114075001,114076000,1.17408954421594e-06,0.000153615691985639,-12.7861351917956,Gm15741,-51929,-,pseudogenic_transcript,pseudogene,No,No,Yes
HDM_ESR1_Male-v-HDM_ESR1_FemaleCpGTile.12942,CpGTile004707,4,117161001,117162000,3.82398410540708e-08,6.03888362715696e-06,-10.4717266111653,Rnf220,-3777,-,lnc_RNA,gene,No,No,Yes
HDM_ESR1_Male-v-HDM_ESR1_FemaleCpGTile.13179,CpGTile007393,4,123421001,123422000,0.000531057716059945,0.031165544898808,-25.0874125874126,Macf1,0,-,mRNA,gene,Yes,Yes,Yes
HDM_ESR1_Male-v-HDM_ESR1_FemaleCpGTile.13493,CpGTile004709,4,129394001,129395000,4.40219863794636e-06,0.00052989744256664,13.6499438323096,ENSMUSG00000120122,0,-,lnc_RNA,ncRNA_gene,Yes,Yes,Yes
HDM_ESR1_Male-v-HDM_ESR1_FemaleCpGTile.13708,CpGTile007394,4,132752001,132753000,0.000227425147231748,0.0165225223752505,-15.639751552795,Ahdc1,12488,+,mRNA,gene,No,No,Yes
HDM_ESR1_Male-v-HDM_ESR1_FemaleCpGTile.14350,CpGTile005523,4,140596001,140597000,0.000743229021852768,0.0398598801181536,11.2712909265263,4930515B02Rik,-3004,+,lnc_RNA,ncRNA_gene,No,No,No
HDM_ESR1_Male-v-HDM_ESR1_FemaleCpGTile.14416,CpGTile004721,4,141205001,141206000,3.56118742027464e-06,0.000437412251751535,-24.5170454545455,Spen,-6198,-,transcript,gene,No,Yes,No
HDM_ESR1_Male-v-HDM_ESR1_FemaleCpGTile.14549,CpGTile001062,4,146418001,146419000,4.29257050840999e-13,8.80740997612676e-11,-16.6703071672355,Zfp992,-114480,+,mRNA,gene,No,No,No
HDM_ESR1_Male-v-HDM_ESR1_FemaleCpGTile.14550,CpGTile005051,4,146419001,146420000,1.79049370443317e-16,4.2724957886448e-14,-35.1023391812866,Zfp992,-113480,+,mRNA,gene,No,No,No
HDM_ESR1_Male-v-HDM_ESR1_FemaleCpGTile.14551,CpGTile001063,4,146421001,146422000,1.17178802580846e-39,6.47675817935963e-37,-25.979670183741,Zfp992,-111480,+,mRNA,gene,No,No,No
HDM_ESR1_Male-v-HDM_ESR1_FemaleCpGTile.14606,CpGTile001069,4,148070001,148071000,1.10759707411611e-06,0.000145266826938979,19.7441564530172,Nppb,0,+,mRNA,gene,Yes,Yes,Yes
HDM_ESR1_Male-v-HDM_ESR1_FemaleCpGTile.14742,CpGTile007395,4,150087001,150088000,0.000141625732447465,0.0112173272274069,-11.3379552980132,H6pd,0,-,mRNA,gene,Yes,Yes,Yes
HDM_ESR1_Male-v-HDM_ESR1_FemaleCpGTile.14793,CpGTile007396,4,151097001,151098000,0.000778659887331458,0.0411891232928045,-16.2386980108499,Per3,2603,-,transcript,gene,No,Yes,Yes
HDM_ESR1_Male-v-HDM_ESR1_FemaleCpGTile.14903,CpGTile007397,4,152433001,152434000,0.000978022477176401,0.0483570971748643,11.5221354520965,Gm13645,4099,-,lnc_RNA,ncRNA_gene,No,No,Yes
HDM_ESR1_Male-v-HDM_ESR1_FemaleCpGTile.14912,CpGTile007398,4,152514001,152515000,9.18664805667253e-05,0.00789862019827551,-11.9944895147712,Kcnab2,117,-,mRNA,gene,Yes,Yes,Yes
HDM_ESR1_Male-v-HDM_ESR1_FemaleCpGTile.15979,CpGTile001164,5,44066001,44067000,5.01885962180428e-05,0.00465507737052605,-18.7656380316931,Gm16015,228,-,lnc_RNA,ncRNA_gene,Yes,Yes,Yes
HDM_ESR1_Male-v-HDM_ESR1_FemaleCpGTile.16733,CpGTile007399,5,91606001,91607000,0.00084408635063669,0.0435029655840275,14.1339587500862,Btc,-55149,-,mRNA,gene,No,No,No
HDM_ESR1_Male-v-HDM_ESR1_FemaleCpGTile.16813,CpGTile007400,5,95503001,95504000,0.000871453692446853,0.0445320975058549,-18.6756756756757,Gm32072,-24913,+,pseudogenic_transcript,pseudogene,No,No,No
HDM_ESR1_Male-v-HDM_ESR1_FemaleCpGTile.16872,CpGTile005052,5,98478001,98479000,0.000945331191188357,0.0471507781623388,10.3166165335546,Cfap299,774,+,mRNA,gene,Yes,Yes,Yes
HDM_ESR1_Male-v-HDM_ESR1_FemaleCpGTile.16954,CpGTile004738,5,101099001,101100000,0.000186940405043845,0.0142019621763297,-14.6192721168613,Gm36793,-37429,-,lnc_RNA,ncRNA_gene,No,No,No
HDM_ESR1_Male-v-HDM_ESR1_FemaleCpGTile.16959,CpGTile007401,5,101471001,101472000,0.000640708972492376,0.0357302003677046,18.7799043062201,Cycs-ps2,17559,+,pseudogenic_transcript,pseudogene,No,No,No
HDM_ESR1_Male-v-HDM_ESR1_FemaleCpGTile.17035,CpGTile005536,5,103790001,103791000,0.000636488601965248,0.0356163963568945,16.6057367829021,Gm43546,6912,+,unconfirmed_transcript,gene,No,No,No
HDM_ESR1_Male-v-HDM_ESR1_FemaleCpGTile.17236,CpGTile005538,5,110628001,110629000,3.68571850313728e-15,8.18214249712942e-13,-12.9257805215925,Gm32996,1068,-,pseudogenic_transcript,pseudogene,No,Yes,No
HDM_ESR1_Male-v-HDM_ESR1_FemaleCpGTile.17303,CpGTile006232,5,112106001,112107000,0.00023232764934891,0.0167569766119021,-13.056206088993,Gm42488,-13901,-,lnc_RNA,ncRNA_gene,No,No,No
HDM_ESR1_Male-v-HDM_ESR1_FemaleCpGTile.17384,CpGTile001269,5,113357001,113358000,0.000282710633733977,0.0195326327063844,-10.1413347292319,2900026A02Rik,11103,-,mRNA,gene,No,No,Yes
HDM_ESR1_Male-v-HDM_ESR1_FemaleCpGTile.17414,CpGTile007402,5,113775001,113776000,0.000158547536159154,0.0123050388080953,-15.1209677419355,Cmklr1,5665,-,mRNA,gene,No,No,Yes
HDM_ESR1_Male-v-HDM_ESR1_FemaleCpGTile.18313,CpGTile007403,5,128954001,128955000,6.65312556912139e-05,0.00597644752071825,18.3896249300243,Rimbp2,0,-,mRNA,gene,Yes,Yes,Yes
HDM_ESR1_Male-v-HDM_ESR1_FemaleCpGTile.18450,CpGTile007404,5,133249001,133250000,0.000110198571833169,0.00915509958185641,-20.363127341595,Gm42625,-222181,+,unconfirmed_transcript,gene,No,No,No
HDM_ESR1_Male-v-HDM_ESR1_FemaleCpGTile.18582,CpGTile006281,5,135724001,135725000,0.000322548421724509,0.0214961186817763,-10.1750139638801,Gm16061,2874,-,pseudogenic_transcript,pseudogene,No,No,Yes
HDM_ESR1_Male-v-HDM_ESR1_FemaleCpGTile.18709,CpGTile007405,5,137607001,137608000,1.50167312698584e-05,0.00157943908934033,10.8597747638068,Pcolce,-548,-,lnc_RNA,gene,Yes,Yes,Yes
HDM_ESR1_Male-v-HDM_ESR1_FemaleCpGTile.18825,CpGTile005544,5,139680001,139681000,0.000465550660176501,0.0283024443403464,11.8548387096774,Gm42424,-6402,+,pseudogenic_transcript,pseudogene,No,No,No
HDM_ESR1_Male-v-HDM_ESR1_FemaleCpGTile.18892,CpGTile007406,5,140870001,140871000,0.000311029492031659,0.0209238220791543,14.2537375762131,Card11,-2042,-,lnc_RNA,gene,No,No,Yes
HDM_ESR1_Male-v-HDM_ESR1_FemaleCpGTile.18923,CpGTile007407,5,142441001,142442000,0.000949436519764629,0.0473119764267,-13.9426523297491,Ap5z1,-7699,+,mRNA,gene,No,Yes,Yes
HDM_ESR1_Male-v-HDM_ESR1_FemaleCpGTile.19023,CpGTile001398,5,143911001,143912000,0.000587099726500173,0.0335812301531517,11.0413339141378,Gm17135,5810,-,lnc_RNA,ncRNA_gene,No,No,Yes
HDM_ESR1_Male-v-HDM_ESR1_FemaleCpGTile.19030,CpGTile007408,5,144120001,144121000,0.000216198358365376,0.0159114324643418,-11.3922920092885,Bhlha15,-6104,+,mRNA,gene,No,Yes,Yes
HDM_ESR1_Male-v-HDM_ESR1_FemaleCpGTile.19308,CpGTile007409,5,149774001,149775000,3.85307588990575e-05,0.00368821154629576,14.6703296703297,4930500F04Rik,-764,+,lnc_RNA,ncRNA_gene,Yes,No,Yes
HDM_ESR1_Male-v-HDM_ESR1_FemaleCpGTile.19309,CpGTile007410,5,149776001,149777000,0.000700813703153955,0.0384220331779495,14.2991673275178,4930500F04Rik,239,+,lnc_RNA,ncRNA_gene,Yes,Yes,Yes
HDM_ESR1_Male-v-HDM_ESR1_FemaleCpGTile.19327,CpGTile005548,5,150360001,150361000,1.47797495564344e-09,2.52547175057723e-07,-15.7787643359231,Fry,0,+,mRNA,gene,Yes,Yes,Yes
HDM_ESR1_Male-v-HDM_ESR1_FemaleCpGTile.19388,CpGTile004757,6,5113001,5114000,5.22441789117599e-05,0.00481277195815362,-21.3572653020067,Ppp1r9a,0,+,lnc_RNA,gene,Yes,Yes,Yes
HDM_ESR1_Male-v-HDM_ESR1_FemaleCpGTile.19848,CpGTile007411,6,34669001,34670000,0.000156741915884876,0.0122161694596898,17.0454545454545,Cald1,-16377,+,mRNA,gene,No,No,Yes
HDM_ESR1_Male-v-HDM_ESR1_FemaleCpGTile.20301,CpGTile006336,6,54789001,54790000,0.000448507840695688,0.0275445801321782,-12.8114345659586,Znrf2,-3901,+,mRNA,gene,No,No,No
HDM_ESR1_Male-v-HDM_ESR1_FemaleCpGTile.20792,CpGTile001490,6,85096001,85097000,0.000187518283612884,0.0142113978930416,-17.7875243664717,Gm5878,6108,-,lnc_RNA,ncRNA_gene,No,No,Yes
HDM_ESR1_Male-v-HDM_ESR1_FemaleCpGTile.21176,CpGTile007412,6,103697001,103698000,8.31387467162715e-10,1.43877816408785e-07,-11.8722466960352,Chl1,22292,+,mRNA,gene,No,No,Yes
HDM_ESR1_Male-v-HDM_ESR1_FemaleCpGTile.21207,CpGTile001510,6,107970001,107971000,3.89584822117116e-06,0.000474216564593655,-16.5557854528092,Setmar,-71006,+,mRNA,gene,No,No,No
HDM_ESR1_Male-v-HDM_ESR1_FemaleCpGTile.21444,CpGTile001530,6,117859001,117860000,0.000623669038923127,0.035116709492372,19.7737068965517,ENSMUSG00000120675,2040,+,lnc_RNA,ncRNA_gene,No,No,Yes
HDM_ESR1_Male-v-HDM_ESR1_FemaleCpGTile.21561,CpGTile007413,6,121319001,121320000,0.000170052861892392,0.0130937751292757,-32.0786142571619,Slc6a12,-35,+,mRNA,gene,Yes,No,No
HDM_ESR1_Male-v-HDM_ESR1_FemaleCpGTile.21661,CpGTile007414,6,124835001,124836000,9.87981027268194e-06,0.00108916420885628,-15.7165213503242,P3h3,-287,-,mRNA,gene,Yes,Yes,No
HDM_ESR1_Male-v-HDM_ESR1_FemaleCpGTile.21664,CpGTile006359,6,124881001,124882000,1.7443288866831e-06,0.000223368901147706,-15.9913536076327,Lag3,5015,-,transcript,gene,No,Yes,Yes
HDM_ESR1_Male-v-HDM_ESR1_FemaleCpGTile.22151,CpGTile001600,6,146354001,146355000,1.7233853677975e-13,3.61824022517652e-11,20.1626016260163,Gm15720,10106,-,pseudogenic_transcript,pseudogene,No,No,Yes
HDM_ESR1_Male-v-HDM_ESR1_FemaleCpGTile.22370,CpGTile007415,7,9283001,9284000,0.000550395842874955,0.0319200064897792,-14.9146313452262,Gm4011,-19580,-,pseudogenic_transcript,pseudogene,No,No,No
HDM_ESR1_Male-v-HDM_ESR1_FemaleCpGTile.22378,CpGTile007416,7,10141001,10142000,0.000595806086619729,0.0338646613595883,13.4880946919301,Gm3726,6394,-,pseudogenic_transcript,pseudogene,No,No,No
HDM_ESR1_Male-v-HDM_ESR1_FemaleCpGTile.22426,CpGTile005565,7,12799001,12800000,0.000116394104204901,0.009523743605391,-11.2348738498853,Mzf1,-10311,-,mRNA,gene,No,No,No
HDM_ESR1_Male-v-HDM_ESR1_FemaleCpGTile.22470,CpGTile001615,7,15667001,15668000,0.00046453003619052,0.0282721278405723,16.1610985857758,Snord23,4796,-,snoRNA,ncRNA_gene,No,No,No
HDM_ESR1_Male-v-HDM_ESR1_FemaleCpGTile.22561,CpGTile007417,7,17119001,17120000,4.59498668664895e-05,0.00432112148336297,-11.002661934339,Gm32772,-13450,-,lnc_RNA,ncRNA_gene,No,No,No
HDM_ESR1_Male-v-HDM_ESR1_FemaleCpGTile.22589,CpGTile006379,7,18799001,18800000,8.58628500584105e-07,0.000113993434603245,-14.2678241416205,Rsph6a,7683,+,transcript,gene,No,Yes,Yes
HDM_ESR1_Male-v-HDM_ESR1_FemaleCpGTile.22687,CpGTile006383,7,19577001,19578000,0.00014444970759281,0.0114224902950245,-14.2943530970139,Gm44658,-2898,+,lnc_RNA,ncRNA_gene,No,No,No
HDM_ESR1_Male-v-HDM_ESR1_FemaleCpGTile.22743,CpGTile001629,7,24132001,24133000,0.000182984415696702,0.0139601619672054,-11.3059801555377,Irgc1,1960,-,mRNA,gene,No,Yes,Yes
HDM_ESR1_Male-v-HDM_ESR1_FemaleCpGTile.23051,CpGTile005568,7,28872001,28873000,3.38792922608926e-06,0.000418027171225672,-17.4740715958514,Ggn,2074,+,mRNA,gene,No,Yes,Yes
HDM_ESR1_Male-v-HDM_ESR1_FemaleCpGTile.23114,CpGTile007418,7,30026001,30027000,0.000213105336602016,0.0157910733449279,-25.0632911392405,Sdhaf1,-2682,-,mRNA,gene,No,No,No
HDM_ESR1_Male-v-HDM_ESR1_FemaleCpGTile.23221,CpGTile005569,7,33243001,33244000,2.06843566787213e-05,0.00212403845558094,12.0829120323559,Scgb1b21,16200,+,pseudogenic_transcript,pseudogene,No,No,No
HDM_ESR1_Male-v-HDM_ESR1_FemaleCpGTile.23566,CpGTile007419,7,44609001,44610000,0.000327269389367298,0.0216713908412066,-10.0218005166894,Cpt1c,746,-,lnc_RNA,gene,Yes,Yes,Yes
HDM_ESR1_Male-v-HDM_ESR1_FemaleCpGTile.23929,CpGTile007420,7,60623001,60624000,2.61010235514166e-05,0.00263280051967017,-15.0943151112035,Gm44643,-11869,-,lnc_RNA,ncRNA_gene,No,No,No
HDM_ESR1_Male-v-HDM_ESR1_FemaleCpGTile.24055,CpGTile005574,7,66084001,66085000,5.64037202078872e-05,0.00516453474397774,-21.3178294573643,Gm44753,-6346,+,lnc_RNA,ncRNA_gene,No,No,No
HDM_ESR1_Male-v-HDM_ESR1_FemaleCpGTile.24142,CpGTile006417,7,71030001,71031000,0.000357997556429782,0.023112812899875,-12.9158262911997,Gm29328,9922,+,lnc_RNA,ncRNA_gene,No,No,Yes
HDM_ESR1_Male-v-HDM_ESR1_FemaleCpGTile.24362,CpGTile004547,7,80446001,80447000,1.4426859476544e-05,0.00152628818660177,11.9978382273464,Iqgap1,6012,-,lnc_RNA,gene,No,Yes,Yes
HDM_ESR1_Male-v-HDM_ESR1_FemaleCpGTile.24458,CpGTile004442,7,83801001,83802000,3.25149455902537e-47,2.17436633253516e-44,16.3367853023025,Gm26708,0,+,lnc_RNA,ncRNA_gene,Yes,Yes,Yes
HDM_ESR1_Male-v-HDM_ESR1_FemaleCpGTile.24836,CpGTile001773,7,105399001,105400000,1.55076729654338e-05,0.00162476588950773,-16.2888026607539,Tpp1,-663,-,lnc_RNA,gene,Yes,Yes,Yes
HDM_ESR1_Male-v-HDM_ESR1_FemaleCpGTile.25539,CpGTile007421,7,131966001,131967000,0.00086079931903772,0.0442758494436561,16.4285714285714,Gm34908,593,-,lnc_RNA,ncRNA_gene,Yes,No,Yes
HDM_ESR1_Male-v-HDM_ESR1_FemaleCpGTile.25669,CpGTile007422,7,137339001,137340000,0.000973669681393517,0.0482532074995384,-21.7261904761905,Gm45682,3008,+,lnc_RNA,ncRNA_gene,No,Yes,No
HDM_ESR1_Male-v-HDM_ESR1_FemaleCpGTile.26122,CpGTile004799,8,10835001,10836000,4.7422981694031e-05,0.0044136772687295,-23.9970360961152,Rps16-ps3,23129,-,pseudogenic_transcript,pseudogene,No,No,No
HDM_ESR1_Male-v-HDM_ESR1_FemaleCpGTile.26266,CpGTile007423,8,14023001,14024000,0.000235760332206239,0.0169593991144726,11.978860407547,Tdrp,694,-,mRNA,gene,Yes,Yes,Yes
HDM_ESR1_Male-v-HDM_ESR1_FemaleCpGTile.26328,CpGTile001886,8,18779001,18780000,7.78745755031088e-06,0.000889922224612875,29.2857142857143,Angpt2,11579,-,mRNA,gene,No,No,Yes
HDM_ESR1_Male-v-HDM_ESR1_FemaleCpGTile.26377,CpGTile007424,8,22702001,22703000,0.000347620007029754,0.0226044770821939,-11.6279069767442,Vps36,-4009,+,lnc_RNA,gene,No,No,Yes
HDM_ESR1_Male-v-HDM_ESR1_FemaleCpGTile.26537,CpGTile001899,8,27294001,27295000,0.000903993455389552,0.045584818277074,-10.4736129905277,2310008N11Rik,19452,-,lnc_RNA,ncRNA_gene,No,No,No
HDM_ESR1_Male-v-HDM_ESR1_FemaleCpGTile.26555,CpGTile006465,8,27611001,27612000,0.000516644048619196,0.0305847573365348,-13.1766444937177,Brf2,3540,-,mRNA,gene,No,Yes,Yes
HDM_ESR1_Male-v-HDM_ESR1_FemaleCpGTile.26556,CpGTile004805,8,27633001,27634000,1.88903129475985e-08,3.00067856487192e-06,-26.1750633267661,4933416M07Rik,0,+,lnc_RNA,ncRNA_gene,Yes,Yes,Yes
HDM_ESR1_Male-v-HDM_ESR1_FemaleCpGTile.26567,CpGTile004448,8,27786001,27787000,9.55012259908337e-05,0.0081592386774431,11.865633906408,Ccnq-ps2,0,+,pseudogenic_transcript,pseudogene,Yes,Yes,No
HDM_ESR1_Male-v-HDM_ESR1_FemaleCpGTile.26736,CpGTile007425,8,36056001,36057000,7.48733939810917e-06,0.000861075663583205,-11.30309255455,Gm16793,0,-,lnc_RNA,ncRNA_gene,Yes,Yes,No
HDM_ESR1_Male-v-HDM_ESR1_FemaleCpGTile.26777,CpGTile007426,8,39342001,39343000,0.00019118162878497,0.0144029671144199,-13.984593837535,Gm23128,107190,-,snoRNA,ncRNA_gene,No,No,No
HDM_ESR1_Male-v-HDM_ESR1_FemaleCpGTile.26814,CpGTile007427,8,41873001,41874000,5.36546652549521e-06,0.00063456587574207,-14.3259518259518,Frg1,-2891,-,mRNA,gene,No,No,No
HDM_ESR1_Male-v-HDM_ESR1_FemaleCpGTile.26885,CpGTile001924,8,46370001,46371000,0.000282036813339872,0.0195109645202097,-13.5729460980792,Pdlim3,1934,+,lnc_RNA,gene,No,Yes,Yes
HDM_ESR1_Male-v-HDM_ESR1_FemaleCpGTile.26933,CpGTile007428,8,47441001,47442000,1.27639821381215e-05,0.00138001295717867,-24.7391952309985,Enpp6,1014,+,mRNA,gene,No,No,Yes
HDM_ESR1_Male-v-HDM_ESR1_FemaleCpGTile.27719,CpGTile001979,8,85318001,85319000,0.000178999965131991,0.0136754433049705,-17.0355947256952,Cacna1a,-8123,+,mRNA,gene,No,No,Yes
HDM_ESR1_Male-v-HDM_ESR1_FemaleCpGTile.27726,CpGTile004342,8,85373001,85374000,1.84169627629117e-05,0.00189656166530174,-16.4179104477612,Cacna1a,7383,+,transcript,gene,No,No,No
HDM_ESR1_Male-v-HDM_ESR1_FemaleCpGTile.27877,CpGTile007429,8,89197001,89198000,0.000835168038712285,0.0432077733685651,-24.8406905341212,Gm35162,49750,-,lnc_RNA,ncRNA_gene,No,No,No
HDM_ESR1_Male-v-HDM_ESR1_FemaleCpGTile.27919,CpGTile005593,8,91554001,91555000,0.000382275979322551,0.0243036844021023,15.4244306418219,Chd9,0,+,mRNA,gene,Yes,Yes,No
HDM_ESR1_Male-v-HDM_ESR1_FemaleCpGTile.27935,CpGTile007430,8,92105001,92106000,0.00100607739234472,0.0492287117874784,-15.2173913043478,Fto,-11183,+,mRNA,gene,No,No,Yes
HDM_ESR1_Male-v-HDM_ESR1_FemaleCpGTile.27937,CpGTile007431,8,92284001,92285000,2.7013139737919e-05,0.00271974064558339,34.9019607843137,Gm45294,-20916,+,unconfirmed_transcript,gene,No,No,Yes
HDM_ESR1_Male-v-HDM_ESR1_FemaleCpGTile.28094,CpGTile005059,8,96243001,96244000,0.000530359909309325,0.0311583512477087,-23.7450343084146,Ccdc113,-16713,+,mRNA,gene,No,No,No
HDM_ESR1_Male-v-HDM_ESR1_FemaleCpGTile.28309,CpGTile007432,8,107368001,107369000,0.000463250061934161,0.0282259408610733,-16.6376796082734,Cdh1,37228,+,transcript,gene,No,No,Yes
HDM_ESR1_Male-v-HDM_ESR1_FemaleCpGTile.28822,CpGTile006527,8,121094001,121095000,0.000458419841071174,0.0279946143188262,-11.9475904952254,ENSMUSG00000121010,-902,+,lnc_RNA,ncRNA_gene,Yes,No,Yes
HDM_ESR1_Male-v-HDM_ESR1_FemaleCpGTile.28837,CpGTile006528,8,121231001,121232000,0.000315956222035462,0.0211811850093044,-14.2716660322294,Gm26971,-15354,+,lnc_RNA,ncRNA_gene,No,No,Yes
HDM_ESR1_Male-v-HDM_ESR1_FemaleCpGTile.29037,CpGTile006541,8,123357001,123358000,0.000490043163338058,0.0292678492867371,-15.6583807527204,Pabpn1l,-7524,-,mRNA,gene,No,Yes,Yes
HDM_ESR1_Male-v-HDM_ESR1_FemaleCpGTile.29180,CpGTile005604,8,125623001,125624000,3.27346824439919e-12,6.495015433298e-10,11.7909985155218,Exoc8,445,-,mRNA,gene,Yes,Yes,No
HDM_ESR1_Male-v-HDM_ESR1_FemaleCpGTile.29217,CpGTile007433,8,126443001,126444000,0.000230580046762268,0.0166531027518406,17.7842003853565,Ntpcr,-12702,+,transcript,gene,No,No,No
HDM_ESR1_Male-v-HDM_ESR1_FemaleCpGTile.29252,CpGTile007434,8,127388001,127389000,1.34495745272879e-05,0.00144835580032866,-13.556278756593,ENSMUSG00000120101,66573,+,lnc_RNA,ncRNA_gene,No,No,No
HDM_ESR1_Male-v-HDM_ESR1_FemaleCpGTile.29781,CpGTile007435,9,30327001,30328000,0.000293426525826104,0.0200682217935837,-16.7506391938637,Gm30933,10273,-,lnc_RNA,ncRNA_gene,No,No,Yes
HDM_ESR1_Male-v-HDM_ESR1_FemaleCpGTile.29820,CpGTile005062,9,31595001,31596000,8.07715969600572e-07,0.000108028500658289,-17.816091954023,Gm47436,-5680,-,lnc_RNA,ncRNA_gene,No,No,No
HDM_ESR1_Male-v-HDM_ESR1_FemaleCpGTile.30020,CpGTile002147,9,41386001,41387000,0.00043270222964242,0.0266949627588968,19.7518899011436,Mir100hg,0,+,lnc_RNA,ncRNA_gene,Yes,Yes,Yes
HDM_ESR1_Male-v-HDM_ESR1_FemaleCpGTile.30514,CpGTile002183,9,56527001,56528000,8.69671702094778e-06,0.000969290088535089,-12.5002350577167,Gm26868,13026,+,lnc_RNA,ncRNA_gene,No,Yes,No
HDM_ESR1_Male-v-HDM_ESR1_FemaleCpGTile.31638,CpGTile004377,9,102419001,102420000,9.05805526605481e-06,0.00100542538545263,-23.2563418648204,Gm55758,-4965,+,rRNA,ncRNA_gene,No,Yes,Yes
HDM_ESR1_Male-v-HDM_ESR1_FemaleCpGTile.31970,CpGTile006627,9,110242001,110243000,0.000219853691422156,0.0161366025508395,-18.6868686868687,Ptpn23,-4721,-,mRNA,gene,No,No,No
HDM_ESR1_Male-v-HDM_ESR1_FemaleCpGTile.32168,CpGTile002313,9,116985001,116986000,3.37269642978084e-05,0.00328577002597659,-19.0205968894493,Gm20397,90408,+,pseudogenic_transcript,pseudogene,No,No,Yes
HDM_ESR1_Male-v-HDM_ESR1_FemaleCpGTile.32481,CpGTile004565,10,3217001,3218000,2.71536028352934e-07,3.79079621263021e-05,17.6207513416816,H60c,0,-,mRNA,gene,Yes,Yes,Yes
HDM_ESR1_Male-v-HDM_ESR1_FemaleCpGTile.32545,CpGTile007436,10,7088001,7089000,0.000703625348895758,0.0384982496629392,-15.1595744680851,Cnksr3,-2496,-,mRNA,gene,No,Yes,Yes
HDM_ESR1_Male-v-HDM_ESR1_FemaleCpGTile.32755,CpGTile005618,10,19694001,19695000,0.000307884816028425,0.0207686098628444,11.5277562011289,Slc35d3,32206,-,mRNA,gene,No,No,No
HDM_ESR1_Male-v-HDM_ESR1_FemaleCpGTile.33089,CpGTile006656,10,40589001,40590000,0.000763388987952905,0.0405396898033777,-12.3110487766869,Mettl24,29725,+,mRNA,gene,No,No,Yes
HDM_ESR1_Male-v-HDM_ESR1_FemaleCpGTile.33096,CpGTile007437,10,40918001,40919000,0.000357627549822109,0.023112812899875,-29.1408934707904,Gm19611,6101,-,pseudogenic_transcript,pseudogene,No,No,No
HDM_ESR1_Male-v-HDM_ESR1_FemaleCpGTile.33370,CpGTile007438,10,56671001,56672000,0.000394378378582185,0.0248687888813053,15,Gm31931,33404,-,pseudogenic_transcript,pseudogene,No,No,No
HDM_ESR1_Male-v-HDM_ESR1_FemaleCpGTile.33449,CpGTile002409,10,60022001,60023000,0.000283121035683874,0.0195360691465987,-10.6607744107744,Chst3,1530,-,mRNA,gene,No,Yes,Yes
HDM_ESR1_Male-v-HDM_ESR1_FemaleCpGTile.33580,CpGTile005622,10,62154001,62155000,0.00071587059602115,0.038893235048808,10.0791631325982,Hk1,0,-,mRNA,gene,Yes,Yes,Yes
HDM_ESR1_Male-v-HDM_ESR1_FemaleCpGTile.33595,CpGTile007439,10,62496001,62497000,0.000293934324320786,0.0200776009791304,-15.9112482202183,Gm18514,-8582,+,pseudogenic_transcript,pseudogene,No,No,Yes
HDM_ESR1_Male-v-HDM_ESR1_FemaleCpGTile.33718,CpGTile007440,10,67936001,67937000,0.000105184160961786,0.0088196739695833,-25.1849894291755,Arid5b,35457,-,mRNA,gene,No,No,Yes
HDM_ESR1_Male-v-HDM_ESR1_FemaleCpGTile.33746,CpGTile007441,10,69004001,69005000,0.00033946403187025,0.0222342742265856,-14.9069933242595,Rhobtb1,16739,+,mRNA,gene,No,No,Yes
HDM_ESR1_Male-v-HDM_ESR1_FemaleCpGTile.33868,CpGTile002447,10,75009001,75010000,1.81233937812181e-05,0.00186988511977649,-16.974674880219,Bcr,0,+,mRNA,gene,Yes,Yes,Yes
HDM_ESR1_Male-v-HDM_ESR1_FemaleCpGTile.34184,CpGTile004862,10,80151001,80152000,0.000485685113823487,0.0290697244801841,-13.0857966834895,2310011J03Rik,4372,-,mRNA,gene,No,Yes,No
HDM_ESR1_Male-v-HDM_ESR1_FemaleCpGTile.34340,CpGTile007442,10,81206001,81207000,5.11499318375147e-05,0.0047280509235097,-12.8663003663004,Fzr1,248,-,mRNA,gene,Yes,Yes,Yes
HDM_ESR1_Male-v-HDM_ESR1_FemaleCpGTile.34355,CpGTile005064,10,81295001,81296000,9.0639771086619e-16,2.08922704889177e-13,35.3960396039604,Gm16105,-993,+,lnc_RNA,ncRNA_gene,Yes,Yes,No
HDM_ESR1_Male-v-HDM_ESR1_FemaleCpGTile.34413,CpGTile006698,10,82790001,82791000,7.52652306901388e-12,1.47180180163823e-09,-17.7686316750666,Gm4799,0,+,pseudogenic_transcript,pseudogene,Yes,Yes,No
HDM_ESR1_Male-v-HDM_ESR1_FemaleCpGTile.34627,CpGTile007443,10,92629001,92630000,3.89435618574328e-05,0.00372038010892814,-19.1053511705686,Cfap54,42209,-,mRNA,gene,No,No,Yes
HDM_ESR1_Male-v-HDM_ESR1_FemaleCpGTile.35085,CpGTile002527,10,119178001,119179000,4.45129875116281e-06,0.00053461963301912,-13.0923934687376,Gm19090,0,+,pseudogenic_transcript,pseudogene,Yes,Yes,No
HDM_ESR1_Male-v-HDM_ESR1_FemaleCpGTile.35128,CpGTile006724,10,120483001,120484000,0.000127453332728931,0.0103349751295219,-14.1055833578648,4930471E19Rik,-11181,-,lnc_RNA,ncRNA_gene,No,No,Yes
HDM_ESR1_Male-v-HDM_ESR1_FemaleCpGTile.35201,CpGTile002542,10,122178001,122179000,0.000441658299074723,0.0271547112653639,-11.9076797385621,Gm36041,-43797,+,lnc_RNA,ncRNA_gene,No,No,No
HDM_ESR1_Male-v-HDM_ESR1_FemaleCpGTile.35211,CpGTile005628,10,122651001,122652000,9.58412707221801e-05,0.00816263072816776,-10.4068018702165,Ppm1h,3651,+,transcript,gene,No,Yes,Yes
HDM_ESR1_Male-v-HDM_ESR1_FemaleCpGTile.35276,CpGTile002548,10,126731001,126732000,0.000261418185720954,0.0182948788441334,19.5855115758028,Gm6333,2021,+,pseudogenic_transcript,pseudogene,No,No,Yes
HDM_ESR1_Male-v-HDM_ESR1_FemaleCpGTile.35421,CpGTile007444,10,128449001,128450000,0.000938759178402006,0.0468661372664384,-11.5352640545145,Gm9182,-1270,+,pseudogenic_transcript,pseudogene,No,No,No
HDM_ESR1_Male-v-HDM_ESR1_FemaleCpGTile.35530,CpGTile002567,11,4187001,4188000,7.59076062275422e-05,0.00670748212036507,13.5420347901205,Osm,583,+,transcript,gene,Yes,No,Yes
HDM_ESR1_Male-v-HDM_ESR1_FemaleCpGTile.35824,CpGTile007445,11,19809001,19810000,6.22403352752017e-05,0.00564718863008643,-13.9164153382163,Spred2,-64375,+,mRNA,gene,No,No,No
HDM_ESR1_Male-v-HDM_ESR1_FemaleCpGTile.36079,CpGTile007446,11,33527001,33528000,0.000638047322881702,0.0356667728520235,-15.0010362694301,Gabrp,958,-,mRNA,gene,Yes,No,Yes
HDM_ESR1_Male-v-HDM_ESR1_FemaleCpGTile.36283,CpGTile007447,11,45979001,45980000,0.000711224065939408,0.0387184590911141,-13.8353863381859,Mir8100,-13097,+,miRNA,ncRNA_gene,No,No,Yes
HDM_ESR1_Male-v-HDM_ESR1_FemaleCpGTile.36590,CpGTile007448,11,55435001,55436000,0.000962000688208242,0.0478061298724746,10.1745313510019,Gm12237,-9766,+,pseudogenic_transcript,pseudogene,No,No,Yes
HDM_ESR1_Male-v-HDM_ESR1_FemaleCpGTile.36623,CpGTile006760,11,57540001,57541000,0.000586444590717098,0.0335792158791653,-17.7731818419813,4933424L21Rik,0,-,lnc_RNA,ncRNA_gene,Yes,Yes,Yes
HDM_ESR1_Male-v-HDM_ESR1_FemaleCpGTile.37930,CpGTile005643,11,89077001,89078000,0.000325726115362583,0.0216176240919478,-20.6515206154586,Gm56323,-49410,-,ncRNA,ncRNA_gene,No,No,No
HDM_ESR1_Male-v-HDM_ESR1_FemaleCpGTile.38000,CpGTile007449,11,94243001,94244000,0.000252699133157445,0.0178927469192456,-11.7662816005357,Abcc3,-990,-,transcript,gene,Yes,Yes,Yes
HDM_ESR1_Male-v-HDM_ESR1_FemaleCpGTile.38367,CpGTile002795,11,98247001,98248000,0.000300113693793128,0.020377650755446,14.5472061657033,1700003D09Rik,1110,-,lnc_RNA,ncRNA_gene,No,Yes,Yes
HDM_ESR1_Male-v-HDM_ESR1_FemaleCpGTile.38757,CpGTile007450,11,103167001,103168000,9.69000203005047e-06,0.00107118008588354,15.9404352806415,1700028N14Rik,-8431,-,lnc_RNA,ncRNA_gene,No,No,No
HDM_ESR1_Male-v-HDM_ESR1_FemaleCpGTile.38833,CpGTile007451,11,104560001,104561000,0.000242832574647815,0.017307249497492,-10.938389975318,Gm11662,10482,-,pseudogenic_transcript,pseudogene,No,Yes,No
HDM_ESR1_Male-v-HDM_ESR1_FemaleCpGTile.38841,CpGTile007452,11,105056001,105057000,3.20637742892725e-11,6.09402855456323e-09,-15.501968503937,Gm11620,447,-,pseudogenic_transcript,pseudogene,Yes,Yes,No
HDM_ESR1_Male-v-HDM_ESR1_FemaleCpGTile.38961,CpGTile002837,11,108355001,108356000,0.000221078133646021,0.0161985351547358,-16.6566046848587,Cep112,-33127,+,mRNA,gene,No,No,Yes
HDM_ESR1_Male-v-HDM_ESR1_FemaleCpGTile.39078,CpGTile006843,11,113676001,113677000,0.000455095501402272,0.0278229722658382,-12.9879136120468,Gm39468,0,+,lnc_RNA,ncRNA_gene,Yes,Yes,Yes
HDM_ESR1_Male-v-HDM_ESR1_FemaleCpGTile.39201,CpGTile004894,11,115401001,115402000,0.000124313602131084,0.0100954927000622,17.2051164654038,Jpt1,2943,-,transcript,gene,No,No,Yes
HDM_ESR1_Male-v-HDM_ESR1_FemaleCpGTile.39284,CpGTile005649,11,116245001,116246000,0.000518288151616008,0.0306485906914307,11.1649843340526,Rnf157,296,-,transcript,gene,Yes,Yes,Yes
HDM_ESR1_Male-v-HDM_ESR1_FemaleCpGTile.39438,CpGTile006855,11,117866001,117867000,0.000410653982423025,0.0257154799050728,-10.5947596666894,ENSMUSG00000120851,-35,+,lnc_RNA,ncRNA_gene,Yes,No,No
HDM_ESR1_Male-v-HDM_ESR1_FemaleCpGTile.39534,CpGTile005652,11,118969001,118970000,0.000362515741072218,0.0233211240913108,11.8466898954704,Cbx4,7048,-,mRNA,gene,No,Yes,No
HDM_ESR1_Male-v-HDM_ESR1_FemaleCpGTile.39543,CpGTile004897,11,118991001,118992000,0.000797847872347116,0.0417866323781478,-16.285841628287,Gm11754,10252,-,lnc_RNA,ncRNA_gene,No,No,No
HDM_ESR1_Male-v-HDM_ESR1_FemaleCpGTile.39733,CpGTile005392,12,3285001,3286000,1.76583524421453e-75,2.81323470107792e-72,12.7912453917234,Rab10os,0,+,lnc_RNA,ncRNA_gene,Yes,Yes,Yes
HDM_ESR1_Male-v-HDM_ESR1_FemaleCpGTile.39761,CpGTile006864,12,3921001,3922000,0.000369212182299992,0.0235560807411398,-12.3588829471182,Dnmt3a,4812,+,mRNA,gene,No,No,Yes
HDM_ESR1_Male-v-HDM_ESR1_FemaleCpGTile.39840,CpGTile007453,12,8025001,8026000,4.72850178272024e-05,0.0044136772687295,-12.9801536491677,Apob,-1648,+,mRNA,gene,No,No,No
HDM_ESR1_Male-v-HDM_ESR1_FemaleCpGTile.39862,CpGTile006867,12,8963001,8964000,0.000107389336615508,0.0089629539471671,-11.5506921062477,Gm47391,79,+,lnc_RNA,ncRNA_gene,Yes,Yes,Yes
HDM_ESR1_Male-v-HDM_ESR1_FemaleCpGTile.39881,CpGTile002906,12,11145001,11146000,0.000207981293937368,0.0154961769571998,-17.2494172494172,Gm48088,-3597,+,pseudogenic_transcript,pseudogene,No,No,Yes
HDM_ESR1_Male-v-HDM_ESR1_FemaleCpGTile.39908,CpGTile002909,12,12877001,12878000,0.000467792471741124,0.0283121669206027,-20.6180344478217,Gm48187,-37571,+,lnc_RNA,ncRNA_gene,No,No,No
HDM_ESR1_Male-v-HDM_ESR1_FemaleCpGTile.39947,CpGTile002913,12,15427001,15428000,1.61722316611075e-07,2.3360029574169e-05,-20.1748807631161,Gm48539,-75956,-,lnc_RNA,ncRNA_gene,No,No,No
HDM_ESR1_Male-v-HDM_ESR1_FemaleCpGTile.39965,CpGTile006872,12,16678001,16679000,4.24787474962304e-07,5.82517945962041e-05,-14.8841739514867,Lpin1,-17035,-,mRNA,gene,No,No,Yes
HDM_ESR1_Male-v-HDM_ESR1_FemaleCpGTile.40093,CpGTile005070,12,20895001,20896000,3.40875756448815e-13,7.04740979250898e-11,19.1792489353465,1700030C10Rik,-29222,-,lnc_RNA,ncRNA_gene,No,No,No
HDM_ESR1_Male-v-HDM_ESR1_FemaleCpGTile.40153,CpGTile002923,12,24543001,24544000,6.90093479589106e-08,1.04706684981126e-05,-11.5125512777088,Gm16372,0,-,pseudogenic_transcript,pseudogene,Yes,Yes,No
HDM_ESR1_Male-v-HDM_ESR1_FemaleCpGTile.40300,CpGTile002938,12,33169001,33170000,0.000919096681235968,0.0460554187939567,15.3102542589282,Gm16267,7042,+,lnc_RNA,ncRNA_gene,No,Yes,Yes
HDM_ESR1_Male-v-HDM_ESR1_FemaleCpGTile.40334,CpGTile002940,12,35761001,35762000,0.000189390104171325,0.0142878716707755,-13.7203123999744,9130015A21Rik,-15885,-,lnc_RNA,ncRNA_gene,No,No,No
HDM_ESR1_Male-v-HDM_ESR1_FemaleCpGTile.40383,CpGTile005656,12,40562001,40563000,2.18266540649704e-05,0.00222652382347646,-19.8229515275829,Dock4,65668,+,mRNA,gene,No,No,Yes
HDM_ESR1_Male-v-HDM_ESR1_FemaleCpGTile.40774,CpGTile006894,12,69484001,69485000,0.00042935431755855,0.0265488938153901,-13.921568627451,5830428M24Rik,29167,-,lnc_RNA,ncRNA_gene,No,No,No
HDM_ESR1_Male-v-HDM_ESR1_FemaleCpGTile.40949,CpGTile002978,12,75969001,75970000,5.54962780785494e-05,0.00510367798660837,14.7285553252609,Syne2,13011,+,lnc_RNA,gene,No,Yes,Yes
HDM_ESR1_Male-v-HDM_ESR1_FemaleCpGTile.41031,CpGTile007454,12,78898001,78899000,0.000145127972133729,0.0114593956277385,24.8480243161094,Atp6v1d,-712,-,lnc_RNA,gene,Yes,No,Yes
HDM_ESR1_Male-v-HDM_ESR1_FemaleCpGTile.41463,CpGTile006914,12,96477001,96478000,7.89657704019291e-06,0.000898600438598163,-11.911525974026,Gm47396,-151088,+,lnc_RNA,ncRNA_gene,No,No,No
HDM_ESR1_Male-v-HDM_ESR1_FemaleCpGTile.41740,CpGTile004352,12,105732001,105733000,0.000133300995221547,0.010697057276579,-12.6659984966174,Papola,-17953,+,mRNA,gene,No,Yes,Yes
HDM_ESR1_Male-v-HDM_ESR1_FemaleCpGTile.41792,CpGTile006927,12,106994001,106995000,3.14292991568092e-05,0.00309532823628949,-11.1413043478261,Gm16086,70933,-,lnc_RNA,ncRNA_gene,No,No,No
HDM_ESR1_Male-v-HDM_ESR1_FemaleCpGTile.41829,CpGTile006930,12,107917001,107918000,0.000303887087764167,0.0205758110166939,-14.5518954729481,Bcl11b,51674,-,mRNA,gene,No,No,Yes
HDM_ESR1_Male-v-HDM_ESR1_FemaleCpGTile.41975,CpGTile004908,12,110782001,110783000,3.16044921953857e-05,0.00310693322960103,-22.247150133398,Wdr20,21465,+,transcript,gene,No,No,Yes
HDM_ESR1_Male-v-HDM_ESR1_FemaleCpGTile.42013,CpGTile007455,12,111391001,111392000,0.000793271884621935,0.0417581634222246,10.5371900826446,Exoc3l4,-2779,+,lnc_RNA,gene,No,Yes,Yes
HDM_ESR1_Male-v-HDM_ESR1_FemaleCpGTile.42091,CpGTile005665,12,112583001,112584000,1.18931153043185e-07,1.75058221890365e-05,16.6655079516816,Adssl1,-2479,+,mRNA,gene,No,No,No
HDM_ESR1_Male-v-HDM_ESR1_FemaleCpGTile.42582,CpGTile005668,13,24458001,24459000,6.01721138189368e-06,0.000700799718875646,20.2941176470588,Carmil1,5470,-,mRNA,gene,No,No,Yes
HDM_ESR1_Male-v-HDM_ESR1_FemaleCpGTile.42672,CpGTile005669,13,30536001,30537000,3.26254679592102e-05,0.00318993392309812,10.0700700700701,Agtr1a,6479,+,mRNA,gene,No,No,Yes
HDM_ESR1_Male-v-HDM_ESR1_FemaleCpGTile.42825,CpGTile007456,13,38480001,38481000,0.000320620567747451,0.0214408037710921,-12.4607603767004,Gm47990,-23502,+,lnc_RNA,ncRNA_gene,No,No,No
HDM_ESR1_Male-v-HDM_ESR1_FemaleCpGTile.43006,CpGTile007457,13,45392001,45393000,0.000473240659558557,0.0285456815435409,-12.6151820974111,Gm47448,2116,+,lnc_RNA,ncRNA_gene,No,No,Yes
HDM_ESR1_Male-v-HDM_ESR1_FemaleCpGTile.43060,CpGTile007458,13,47275001,47276000,0.000875474450875126,0.0446453190693153,-11.5320427236315,Rnf144b,-132,+,mRNA,gene,Yes,No,No
HDM_ESR1_Male-v-HDM_ESR1_FemaleCpGTile.43236,CpGTile003161,13,52924001,52925000,0.000885339396048838,0.0449647544004687,11.4350064350064,BB123696,-12761,-,lnc_RNA,ncRNA_gene,No,No,No
HDM_ESR1_Male-v-HDM_ESR1_FemaleCpGTile.43263,CpGTile007459,13,53388001,53389000,0.000111433007354651,0.0092012051582217,-31.5646258503401,Ror2,40695,-,transcript,gene,No,No,Yes
HDM_ESR1_Male-v-HDM_ESR1_FemaleCpGTile.43331,CpGTile003168,13,54881001,54882000,9.46591643391629e-05,0.00810016113523897,-23.2397606994938,Gprin1,15483,-,mRNA,gene,No,Yes,Yes
HDM_ESR1_Male-v-HDM_ESR1_FemaleCpGTile.43333,CpGTile004920,13,54886001,54887000,0.000259259726643191,0.0182144215230825,23.0989559271921,Gprin1,10483,-,mRNA,gene,No,Yes,No
HDM_ESR1_Male-v-HDM_ESR1_FemaleCpGTile.43800,CpGTile007460,13,71970001,71971000,0.000292416538356943,0.0200244294304401,23.6842105263158,Gm40999,-35988,-,lnc_RNA,ncRNA_gene,No,No,Yes
HDM_ESR1_Male-v-HDM_ESR1_FemaleCpGTile.44159,CpGTile007461,13,95554001,95555000,0.000543303357661526,0.0316536268914324,-10.4575163398693,Gm48712,3185,-,pseudogenic_transcript,pseudogene,No,No,No
HDM_ESR1_Male-v-HDM_ESR1_FemaleCpGTile.44349,CpGTile007462,13,101086001,101087000,0.0005434651817265,0.0316536268914324,17.4628116488582,Gm10257,-2679,-,pseudogenic_transcript,pseudogene,No,No,Yes
HDM_ESR1_Male-v-HDM_ESR1_FemaleCpGTile.44552,CpGTile007463,13,112788001,112789000,6.82700614632261e-13,1.3850126328397e-10,-13.8409954511637,Ddx4,0,-,mRNA,gene,Yes,Yes,Yes
HDM_ESR1_Male-v-HDM_ESR1_FemaleCpGTile.44584,CpGTile003262,13,113708001,113709000,3.05996870958484e-05,0.0030246221566297,17.7558706247231,Gm34471,-3699,-,lnc_RNA,ncRNA_gene,No,No,No
HDM_ESR1_Male-v-HDM_ESR1_FemaleCpGTile.44627,CpGTile007464,13,115640001,115641000,2.23344533471887e-05,0.00227404155800119,-13.1553936321876,Gm6035,25309,-,pseudogenic_transcript,pseudogene,No,No,No
HDM_ESR1_Male-v-HDM_ESR1_FemaleCpGTile.44709,CpGTile007465,13,120301001,120302000,0.000692435692112325,0.0380011723813054,-12.8330928330928,D13Ertd608e,3461,+,mRNA,gene,No,No,Yes
HDM_ESR1_Male-v-HDM_ESR1_FemaleCpGTile.44717,CpGTile005677,14,3157001,3158000,1.35888083983329e-05,0.00145467361116958,14.6622451486121,Gm33022,-19176,+,pseudogenic_transcript,pseudogene,No,No,No
HDM_ESR1_Male-v-HDM_ESR1_FemaleCpGTile.45123,CpGTile007008,14,26964001,26965000,0.000328405838993996,0.0216936045897038,-15.3077658664251,Gm49616,3984,+,unconfirmed_transcript,gene,No,No,Yes
HDM_ESR1_Male-v-HDM_ESR1_FemaleCpGTile.45238,CpGTile007466,14,30950001,30951000,0.000332417642969408,0.021872950633034,-23.4319943622269,Sema3g,10186,+,mRNA,gene,No,Yes,No
HDM_ESR1_Male-v-HDM_ESR1_FemaleCpGTile.45314,CpGTile007467,14,32898001,32899000,0.000890821211552117,0.0450542516974319,16.9460512336206,Wdfy4,8024,-,mRNA,gene,No,No,Yes
HDM_ESR1_Male-v-HDM_ESR1_FemaleCpGTile.45496,CpGTile003341,14,45789001,45790000,2.51486128343475e-09,4.25695205428659e-07,-17.8130252742887,Gm49123,1860,-,lnc_RNA,ncRNA_gene,No,Yes,Yes
HDM_ESR1_Male-v-HDM_ESR1_FemaleCpGTile.45734,CpGTile007024,14,54986001,54987000,0.000187689652257197,0.0142113978930416,-13.4568965517241,Slc7a8,32388,-,mRNA,gene,No,No,Yes
HDM_ESR1_Male-v-HDM_ESR1_FemaleCpGTile.45958,CpGTile007468,14,61988001,61989000,6.36505501582164e-07,8.64099926688037e-05,-14.3179781991937,Gm37820,67044,+,unconfirmed_transcript,gene,No,No,No
HDM_ESR1_Male-v-HDM_ESR1_FemaleCpGTile.46218,CpGTile007469,14,70547001,70548000,6.47371164025932e-05,0.00583463349462397,-10.2108500046161,Slc39a14,690,-,lnc_RNA,gene,Yes,Yes,Yes
HDM_ESR1_Male-v-HDM_ESR1_FemaleCpGTile.46317,CpGTile007470,14,75430001,75431000,3.28476534390872e-05,0.00320587119286588,-18.3088235294118,Lcp1,2234,+,mRNA,gene,No,No,Yes
HDM_ESR1_Male-v-HDM_ESR1_FemaleCpGTile.46344,CpGTile007471,14,76112001,76113000,0.000141402987482193,0.0112173272274069,-15.6696372536714,Snora31,26658,+,snoRNA,ncRNA_gene,No,No,No
HDM_ESR1_Male-v-HDM_ESR1_FemaleCpGTile.46456,CpGTile003421,14,80237001,80238000,0.000979049504656254,0.0483570971748643,11.1515266933283,Olfm4,0,+,mRNA,gene,Yes,Yes,Yes
HDM_ESR1_Male-v-HDM_ESR1_FemaleCpGTile.46754,CpGTile005076,14,111917001,111918000,0.000297227359580806,0.0202260193267801,-13.0279652844744,Slitrk5,3722,+,mRNA,gene,No,Yes,No
HDM_ESR1_Male-v-HDM_ESR1_FemaleCpGTile.47001,CpGTile003459,15,5444001,5445000,0.000919118965427235,0.0460554187939567,18.0984153461218,Gm46496,-48656,+,pseudogenic_transcript,pseudogene,No,No,No
HDM_ESR1_Male-v-HDM_ESR1_FemaleCpGTile.47102,CpGTile007472,15,11527001,11528000,0.000116148228722022,0.00951800292280083,-13.292589763178,Gm49107,-102815,+,lnc_RNA,ncRNA_gene,No,No,No
HDM_ESR1_Male-v-HDM_ESR1_FemaleCpGTile.47177,CpGTile007473,15,17574001,17575000,0.000771531635252728,0.0409124864835659,-11.5990990990991,Gm54580,16768,-,miRNA,ncRNA_gene,No,No,No
HDM_ESR1_Male-v-HDM_ESR1_FemaleCpGTile.47207,CpGTile007052,15,20449001,20450000,7.00821230768473e-05,0.00625393353015381,-11.9595319478057,Cdh12,0,+,transcript,gene,Yes,Yes,Yes
HDM_ESR1_Male-v-HDM_ESR1_FemaleCpGTile.47319,CpGTile007474,15,27784001,27785000,0.000199785202520032,0.0149471865288263,10.886524822695,Trio,3725,-,mRNA,gene,No,No,Yes
HDM_ESR1_Male-v-HDM_ESR1_FemaleCpGTile.48209,CpGTile005687,15,78051001,78052000,0.000462924984363709,0.0282259408610733,13.3077368878586,Ift27,0,-,lnc_RNA,gene,Yes,Yes,Yes
HDM_ESR1_Male-v-HDM_ESR1_FemaleCpGTile.48380,CpGTile007475,15,79890001,79891000,0.00044960800405215,0.0275808745345389,-11.5585412667946,Gm41361,-5532,+,lnc_RNA,ncRNA_gene,No,No,Yes
HDM_ESR1_Male-v-HDM_ESR1_FemaleCpGTile.48415,CpGTile007476,15,80273001,80274000,7.85277368573392e-07,0.000105287404186684,-16.1541418412454,Cacna1i,0,+,mRNA,gene,Yes,Yes,Yes
HDM_ESR1_Male-v-HDM_ESR1_FemaleCpGTile.48428,CpGTile007477,15,80576001,80577000,7.89136679613229e-05,0.00696175220741568,-11.448275862069,A430088P11Rik,4804,-,lnc_RNA,ncRNA_gene,No,Yes,Yes
HDM_ESR1_Male-v-HDM_ESR1_FemaleCpGTile.48501,CpGTile007080,15,82091001,82092000,2.98070662566197e-05,0.00295706786967188,-11.30225364972,Shisa8,2142,-,mRNA,gene,No,Yes,Yes
HDM_ESR1_Male-v-HDM_ESR1_FemaleCpGTile.48544,CpGTile007082,15,83057001,83058000,6.47294396675351e-08,9.84887332763668e-06,-15.4577295810562,Cyb5r3,-209,-,mRNA,gene,Yes,Yes,No
HDM_ESR1_Male-v-HDM_ESR1_FemaleCpGTile.48653,CpGTile007478,15,84833001,84834000,0.000110457138491605,0.00915881136526202,-10.9844970394237,Mir1249,1825,-,miRNA,ncRNA_gene,No,Yes,Yes
HDM_ESR1_Male-v-HDM_ESR1_FemaleCpGTile.48848,CpGTile003597,15,89343001,89344000,9.8271123838658e-08,1.45837012940575e-05,13.8799891108598,Mapk8ip2,3758,+,transcript,gene,No,Yes,Yes
HDM_ESR1_Male-v-HDM_ESR1_FemaleCpGTile.48871,CpGTile007479,15,90445001,90446000,2.09530905460581e-07,2.97111477476689e-05,-23.3561546141777,Gm6746,0,+,pseudogenic_transcript,pseudogene,Yes,Yes,Yes
HDM_ESR1_Male-v-HDM_ESR1_FemaleCpGTile.49001,CpGTile004956,15,95727001,95728000,0.000213429940320572,0.0157935210676044,-17.7169160921473,Gm17546,0,-,lnc_RNA,ncRNA_gene,Yes,Yes,Yes
HDM_ESR1_Male-v-HDM_ESR1_FemaleCpGTile.49066,CpGTile005080,15,97244001,97245000,0.000687481016461577,0.0378198522493073,-21.3461538461538,Pced1b,-14083,+,mRNA,gene,No,No,Yes
HDM_ESR1_Male-v-HDM_ESR1_FemaleCpGTile.49109,CpGTile005397,15,97852001,97853000,1.09095773547016e-05,0.0011938160936856,14.2034305968732,ENSMUSG00000120138,8999,-,lnc_RNA,ncRNA_gene,No,No,No
HDM_ESR1_Male-v-HDM_ESR1_FemaleCpGTile.49322,CpGTile007480,15,100612001,100613000,2.89270402997532e-07,4.02799665738922e-05,-27.6352067868505,Galnt6,5359,-,mRNA,gene,No,Yes,Yes
HDM_ESR1_Male-v-HDM_ESR1_FemaleCpGTile.49561,CpGTile007112,16,3507001,3508000,7.98330686156251e-06,0.000900899379439154,-10.2239235301195,Mefv,27950,-,mRNA,gene,No,No,No
HDM_ESR1_Male-v-HDM_ESR1_FemaleCpGTile.50177,CpGTile007481,16,29712001,29713000,0.000214791126914635,0.0158725631677732,-12.953074433657,Gm26569,52336,-,lnc_RNA,ncRNA_gene,No,No,No
HDM_ESR1_Male-v-HDM_ESR1_FemaleCpGTile.50234,CpGTile005706,16,30953001,30954000,0.000628355465773926,0.0353438464875923,-14.4249512670565,Gm18237,-22688,+,pseudogenic_transcript,pseudogene,No,No,Yes
HDM_ESR1_Male-v-HDM_ESR1_FemaleCpGTile.50286,CpGTile005081,16,32465001,32466000,1.45637978277313e-05,0.0015377721049233,-16.432597036633,Tnk2,1226,+,transcript,gene,No,No,Yes
HDM_ESR1_Male-v-HDM_ESR1_FemaleCpGTile.50422,CpGTile003706,16,36810001,36811000,0.000229250787939527,0.0166013704741388,22.1498034347196,Fbxo40,0,-,mRNA,gene,Yes,Yes,Yes
HDM_ESR1_Male-v-HDM_ESR1_FemaleCpGTile.51040,CpGTile003754,16,90426001,90427000,5.23148325854293e-08,8.09639145206371e-06,14.9462316899875,Gm23406,26619,+,snoRNA,ncRNA_gene,No,No,No
HDM_ESR1_Male-v-HDM_ESR1_FemaleCpGTile.51107,CpGTile007482,16,91721001,91722000,0.000389359066440031,0.02460957831848,-17.9951690821256,Gm15976,0,+,lnc_RNA,ncRNA_gene,Yes,Yes,Yes
HDM_ESR1_Male-v-HDM_ESR1_FemaleCpGTile.51223,CpGTile007483,16,94049001,94050000,8.40367719038189e-05,0.0073626586280111,-10.6446809442474,Hlcs,-2058,-,mRNA,gene,No,No,Yes
HDM_ESR1_Male-v-HDM_ESR1_FemaleCpGTile.51509,CpGTile007484,17,12961001,12962000,6.12980266403267e-06,0.00071099134686394,10.9949542731,Airn,718,+,lnc_RNA,ncRNA_gene,Yes,No,Yes
HDM_ESR1_Male-v-HDM_ESR1_FemaleCpGTile.51816,CpGTile003816,17,25292001,25293000,8.86909704097799e-05,0.00768659663730907,-16.8993759256681,Tmem204,4199,-,mRNA,gene,No,No,Yes
HDM_ESR1_Male-v-HDM_ESR1_FemaleCpGTile.51967,CpGTile007485,17,27172001,27173000,8.45897273878858e-05,0.00739027565964182,-11.4198463035672,Syngap1,143,+,mRNA,gene,Yes,Yes,Yes
HDM_ESR1_Male-v-HDM_ESR1_FemaleCpGTile.52004,CpGTile005711,17,27639001,27640000,0.00088619581407631,0.0449647544004687,13.8595705665366,Gm49789,-16503,+,unconfirmed_transcript,gene,No,No,No
HDM_ESR1_Male-v-HDM_ESR1_FemaleCpGTile.52347,CpGTile005712,17,33633001,33634000,0.000669113136077143,0.037059145688315,-12.7790048825854,Actl9,-17870,+,mRNA,gene,No,No,No
HDM_ESR1_Male-v-HDM_ESR1_FemaleCpGTile.52415,CpGTile007486,17,34358001,34359000,0.000251232331373191,0.017812171669884,-10.8907708752233,H2-DMa,2001,+,lnc_RNA,gene,No,Yes,No
HDM_ESR1_Male-v-HDM_ESR1_FemaleCpGTile.52501,CpGTile005713,17,35436001,35437000,3.96754206311799e-05,0.00378362343057623,-16.1343161343161,ENSMUSG00000120349,1618,-,lnc_RNA,ncRNA_gene,No,No,No
HDM_ESR1_Male-v-HDM_ESR1_FemaleCpGTile.52552,CpGTile004384,17,36192001,36193000,1.46733000798865e-06,0.000190145573495709,13.6136363636364,Dhx16,1286,+,mRNA,gene,No,Yes,Yes
HDM_ESR1_Male-v-HDM_ESR1_FemaleCpGTile.52637,CpGTile004500,17,40156001,40157000,2.66914149006128e-14,5.76013386976592e-12,15.2225985786621,Rn18s-rs5,-244,+,rRNA,ncRNA_gene,Yes,No,No
HDM_ESR1_Male-v-HDM_ESR1_FemaleCpGTile.52696,CpGTile007487,17,43939001,43940000,2.50649828176516e-06,0.000315010364524847,-17.5736961451247,Tdrd6,1158,-,mRNA,gene,No,Yes,Yes
HDM_ESR1_Male-v-HDM_ESR1_FemaleCpGTile.52794,CpGTile007488,17,46338001,46339000,9.8385663566432e-05,0.00836617777803509,-11.9369369369369,Vegfa,-2195,-,lnc_RNA,gene,No,No,Yes
HDM_ESR1_Male-v-HDM_ESR1_FemaleCpGTile.52838,CpGTile005718,17,46803001,46804000,4.10337288063539e-06,0.000497242410239747,-30.2402651201326,Dnph1,-3637,+,mRNA,gene,No,No,No
HDM_ESR1_Male-v-HDM_ESR1_FemaleCpGTile.53152,CpGTile007489,17,56430001,56431000,2.08368567054086e-07,2.96238794406449e-05,-10.972496919365,Lrg1,-1001,-,mRNA,gene,Yes,Yes,No
HDM_ESR1_Male-v-HDM_ESR1_FemaleCpGTile.53187,CpGTile007490,17,56777001,56778000,1.35589166849924e-05,0.00145434792696482,-10.7893083955614,Ptprs,3628,-,mRNA,gene,No,No,Yes
HDM_ESR1_Male-v-HDM_ESR1_FemaleCpGTile.53223,CpGTile004610,17,57215001,57216000,0.000193127454728789,0.0145293512354333,15.9560392658984,Mllt1,-1781,-,transcript,gene,No,No,Yes
HDM_ESR1_Male-v-HDM_ESR1_FemaleCpGTile.53253,CpGTile003939,17,57645001,57646000,0.000467801320346433,0.0283121669206027,11.9525867391036,Adgre1,-19691,+,mRNA,gene,No,No,No
HDM_ESR1_Male-v-HDM_ESR1_FemaleCpGTile.53402,CpGTile007491,17,66996001,66997000,0.000658986599729349,0.0365356402160793,-10.0942159195765,Ptprm,4029,-,lnc_RNA,gene,No,Yes,Yes
HDM_ESR1_Male-v-HDM_ESR1_FemaleCpGTile.53516,CpGTile003963,17,71982001,71983000,3.10595537750233e-05,0.00306448549289403,-16.2426419235758,Togaram2,1743,+,transcript,gene,No,No,Yes
HDM_ESR1_Male-v-HDM_ESR1_FemaleCpGTile.53542,CpGTile003965,17,73303001,73304000,0.000227849541881104,0.0165225223752505,-22.9411764705882,Gm23649,8210,+,snRNA,ncRNA_gene,No,No,No
HDM_ESR1_Male-v-HDM_ESR1_FemaleCpGTile.53969,CpGTile004004,17,91395001,91396000,1.11625333241998e-08,1.8157382276849e-06,-20.129671227282,Gm10308,0,+,lnc_RNA,ncRNA_gene,Yes,Yes,Yes
HDM_ESR1_Male-v-HDM_ESR1_FemaleCpGTile.54062,CpGTile007492,18,6977001,6978000,0.000131682315102137,0.0106143372500195,14.1104926819212,Mkx,14989,-,lnc_RNA,gene,No,No,Yes
HDM_ESR1_Male-v-HDM_ESR1_FemaleCpGTile.54093,CpGTile007493,18,8938001,8939000,0.000378394172060495,0.024113497995103,-10.6803602269923,Gm37148,9768,+,unconfirmed_transcript,gene,No,No,No
HDM_ESR1_Male-v-HDM_ESR1_FemaleCpGTile.54137,CpGTile007494,18,11240001,11241000,2.88359825146472e-05,0.00288716889759399,-18.7447318939247,Gata6,180956,+,lnc_RNA,gene,No,No,No
HDM_ESR1_Male-v-HDM_ESR1_FemaleCpGTile.54160,CpGTile004503,18,12379001,12380000,0.000129635303737154,0.0104805286389297,29.8,ENSMUSG00000120636,-9245,+,lnc_RNA,ncRNA_gene,No,No,No
HDM_ESR1_Male-v-HDM_ESR1_FemaleCpGTile.54232,CpGTile007238,18,15455001,15456000,0.000640450912765917,0.0357302003677046,-18.8623636899499,E430002N23Rik,-9246,-,lnc_RNA,ncRNA_gene,No,Yes,Yes
HDM_ESR1_Male-v-HDM_ESR1_FemaleCpGTile.54292,CpGTile004030,18,20686001,20687000,0.000729114888507137,0.0393105087597408,-13.6299404787393,Tpi-rs10,-3581,-,pseudogenic_transcript,pseudogene,No,No,No
HDM_ESR1_Male-v-HDM_ESR1_FemaleCpGTile.54330,CpGTile004035,18,23075001,23076000,7.58765196453322e-06,0.000870763278220175,20.0087969168901,Nol4,9368,-,transcript,gene,No,No,Yes
HDM_ESR1_Male-v-HDM_ESR1_FemaleCpGTile.54388,CpGTile004041,18,25611001,25612000,1.1578174647428e-05,0.00125934712685938,-25.8751902587519,Celf4,4175,-,lnc_RNA,gene,No,Yes,No
HDM_ESR1_Male-v-HDM_ESR1_FemaleCpGTile.54575,CpGTile007244,18,36054001,36055000,0.000503292343613481,0.0299251715617458,-12.9935580889675,Gm50405,-1348,+,lnc_RNA,ncRNA_gene,No,No,No
HDM_ESR1_Male-v-HDM_ESR1_FemaleCpGTile.54658,CpGTile007250,18,37870001,37871000,0.000155077746985283,0.0121213488521067,-15.4701844347035,Pcdhga9,0,+,lnc_RNA,gene,Yes,Yes,Yes
HDM_ESR1_Male-v-HDM_ESR1_FemaleCpGTile.54676,CpGTile005721,18,38117001,38118000,0.00011460954563094,0.00943473267556075,17.8423236514523,Arap3,0,-,lnc_RNA,gene,Yes,Yes,Yes
HDM_ESR1_Male-v-HDM_ESR1_FemaleCpGTile.54759,CpGTile007495,18,42124001,42125000,1.71357942815763e-05,0.00178156313965703,-11.1335578002245,Grxcr2,7115,-,mRNA,gene,No,Yes,Yes
HDM_ESR1_Male-v-HDM_ESR1_FemaleCpGTile.55380,CpGTile007275,18,73755001,73756000,2.46712280473527e-05,0.00249788067371333,-15.2281616688396,Gm54869,-1999,+,miRNA,ncRNA_gene,No,No,No
HDM_ESR1_Male-v-HDM_ESR1_FemaleCpGTile.55402,CpGTile007276,18,74135001,74136000,4.66811905479147e-06,0.000558185337059983,-13.7856240215772,D730045A05Rik,-14978,+,lnc_RNA,ncRNA_gene,No,No,Yes
HDM_ESR1_Male-v-HDM_ESR1_FemaleCpGTile.55449,CpGTile005084,18,75474001,75475000,3.83205082590341e-05,0.00368399846039401,18.0801003869079,Gm20544,25161,-,lnc_RNA,ncRNA_gene,No,No,No
HDM_ESR1_Male-v-HDM_ESR1_FemaleCpGTile.55496,CpGTile005085,18,76278001,76279000,8.40603070388757e-12,1.63787546844632e-09,-20.913555001944,Mir6358,-24623,+,miRNA,ncRNA_gene,No,Yes,Yes
HDM_ESR1_Male-v-HDM_ESR1_FemaleCpGTile.55497,CpGTile005086,18,76279001,76280000,0.000702412908427506,0.0384707714011253,-13.8320195088754,Mir6358,-23623,+,miRNA,ncRNA_gene,No,Yes,Yes
HDM_ESR1_Male-v-HDM_ESR1_FemaleCpGTile.55554,CpGTile007496,18,77540001,77541000,0.000123890605493861,0.0100913185079643,-11.6303085065186,Loxhd1,11611,+,transcript,gene,No,No,No
HDM_ESR1_Male-v-HDM_ESR1_FemaleCpGTile.55675,CpGTile005726,18,81970001,81971000,5.85444716029742e-05,0.00533868316828284,15.8561296859169,ENSMUSG00000120297,0,-,lnc_RNA,ncRNA_gene,Yes,Yes,Yes
HDM_ESR1_Male-v-HDM_ESR1_FemaleCpGTile.56039,CpGTile007497,19,6079001,6080000,0.00084016428517179,0.0433833845075238,-18.9918154761905,Gm19505,-1107,-,pseudogenic_transcript,pseudogene,No,No,No
HDM_ESR1_Male-v-HDM_ESR1_FemaleCpGTile.56269,CpGTile005731,19,9731001,9732000,1.74933150840288e-05,0.00181177862611173,-10.3358944920369,Gm50320,-72481,+,pseudogenic_transcript,pseudogene,No,No,No
HDM_ESR1_Male-v-HDM_ESR1_FemaleCpGTile.56610,CpGTile004191,19,26736001,26737000,4.44342091987463e-08,6.95626404866502e-06,17.9824972359125,Smarca2,5003,+,transcript,gene,No,No,Yes
HDM_ESR1_Male-v-HDM_ESR1_FemaleCpGTile.56646,CpGTile005002,19,28945001,28946000,2.74065425082242e-05,0.0027542298909262,-13.2241084021761,Spata6l,0,-,mRNA,gene,Yes,Yes,No
HDM_ESR1_Male-v-HDM_ESR1_FemaleCpGTile.56777,CpGTile007305,19,36517001,36518000,9.03173450650835e-05,0.00779015719401907,-14.0346958528777,Hectd2,-14039,+,mRNA,gene,No,No,No
HDM_ESR1_Male-v-HDM_ESR1_FemaleCpGTile.56884,CpGTile005735,19,40135001,40136000,7.50841631110956e-09,1.22872601353862e-06,-16.1080441640379,Cyp2c70,39731,-,mRNA,gene,No,No,No
HDM_ESR1_Male-v-HDM_ESR1_FemaleCpGTile.57148,CpGTile007498,19,45042001,45043000,0.000195570416660052,0.014692733403282,-10.0804946958793,Gm35867,-4164,+,lnc_RNA,ncRNA_gene,No,Yes,Yes
HDM_ESR1_Male-v-HDM_ESR1_FemaleCpGTile.57313,CpGTile007318,19,47433001,47434000,0.000918607813490914,0.0460554187939567,-13.9915678007648,Sh3pxd2a,18687,-,mRNA,gene,No,No,Yes
HDM_ESR1_Male-v-HDM_ESR1_FemaleCpGTile.57401,CpGTile007499,19,53040001,53041000,1.63903509832205e-05,0.00171062808506552,-16.9471624266145,Xpnpep1,-11357,-,mRNA,gene,No,No,Yes
HDM_ESR1_Male-v-HDM_ESR1_FemaleCpGTile.57408,CpGTile007500,19,53252001,53253000,0.000387925647397768,0.0246026364281599,12.6319998815148,1700001K23Rik,837,-,lnc_RNA,ncRNA_gene,Yes,No,Yes
HDM_ESR1_Male-v-HDM_ESR1_FemaleCpGTile.57432,CpGTile007501,19,53546001,53547000,0.000328222732060042,0.0216936045897038,-12.3419582475742,Gm50394,-27916,-,lnc_RNA,ncRNA_gene,No,No,No
HDM_ESR1_Male-v-HDM_ESR1_FemaleCpGTile.57512,CpGTile007502,19,56474001,56475000,5.06206602173914e-05,0.00468712613790709,-13.9278017241379,Plekhs1,5884,+,lnc_RNA,gene,No,Yes,Yes
HDM_ESR1_Male-v-HDM_ESR1_FemaleCpGTile.57543,CpGTile004255,19,57146001,57147000,0.000206348231931433,0.0153956785051025,-14.8568876121076,Ablim1,-21845,-,transcript,gene,No,No,Yes
HDM_ESR1_Male-v-HDM_ESR1_FemaleCpGTile.57668,CpGTile005090,X,5380001,5381000,4.34301849771517e-43,2.6432386415378e-40,-26.0818186370237,Mycs,320,-,mRNA,gene,Yes,Yes,No
HDM_ESR1_Male-v-HDM_ESR1_FemaleCpGTile.57672,CpGTile005091,X,6312001,6313000,4.11552789270304e-84,7.96163420689491e-81,-22.8092814299711,Shroom4,95,+,mRNA,gene,Yes,Yes,Yes
HDM_ESR1_Male-v-HDM_ESR1_FemaleCpGTile.57674,CpGTile005092,X,6690001,6691000,2.61213826852951e-07,3.66558723332133e-05,-16.9824491424013,Dgkk,0,+,mRNA,gene,Yes,Yes,No
HDM_ESR1_Male-v-HDM_ESR1_FemaleCpGTile.57675,CpGTile004512,X,6691001,6692000,2.47215021749326e-45,1.5570806495319e-42,-42.8545618789521,Dgkk,593,+,mRNA,gene,Yes,Yes,Yes
HDM_ESR1_Male-v-HDM_ESR1_FemaleCpGTile.57677,CpGTile005093,X,7054001,7055000,0.000269192450390452,0.0187180291927907,-16.7249197052711,Clcn5,0,-,lnc_RNA,gene,Yes,Yes,Yes
HDM_ESR1_Male-v-HDM_ESR1_FemaleCpGTile.57678,CpGTile005094,X,7185001,7186000,4.6867355026704e-91,1.26933177316193e-87,-27.4224633813675,Clcn5,0,-,transcript,gene,Yes,Yes,Yes
HDM_ESR1_Male-v-HDM_ESR1_FemaleCpGTile.57679,CpGTile005095,X,7241001,7242000,1.1126533657739e-83,2.07824426292939e-80,-30.3856838706926,Usp27x,66,-,mRNA,gene,Yes,Yes,No
HDM_ESR1_Male-v-HDM_ESR1_FemaleCpGTile.57680,CpGTile005096,X,7242001,7243000,1.30540293141004e-08,2.11073872835223e-06,-21.6748768472906,Gm14379,0,+,lnc_RNA,ncRNA_gene,Yes,Yes,Yes
HDM_ESR1_Male-v-HDM_ESR1_FemaleCpGTile.57681,CpGTile007503,X,7440001,7441000,5.0248960801161e-32,2.09371919396249e-29,-20.5282720963126,Flicr,0,+,lnc_RNA,ncRNA_gene,Yes,Yes,Yes
HDM_ESR1_Male-v-HDM_ESR1_FemaleCpGTile.57682,CpGTile005097,X,7471001,7472000,2.85707496361796e-09,4.80618480419104e-07,-36.6229838709677,Ccdc22,0,-,mRNA,gene,Yes,Yes,Yes
HDM_ESR1_Male-v-HDM_ESR1_FemaleCpGTile.57683,CpGTile005098,X,7505001,7506000,9.7293163241376e-08,1.44782356882868e-05,-20.506993006993,Syp,0,+,lnc_RNA,gene,Yes,Yes,Yes
HDM_ESR1_Male-v-HDM_ESR1_FemaleCpGTile.57684,CpGTile005099,X,7588001,7589000,0.000342130233728257,0.0223279095355393,-13.260574078516,Gm45208,0,+,mRNA,gene,Yes,Yes,Yes
HDM_ESR1_Male-v-HDM_ESR1_FemaleCpGTile.57685,CpGTile005100,X,7600001,7601000,1.58562149710369e-06,0.000204496056231516,-21.9262295081967,Ccdc120,0,-,mRNA,gene,Yes,Yes,Yes
HDM_ESR1_Male-v-HDM_ESR1_FemaleCpGTile.57686,CpGTile005014,X,7629001,7630000,3.84746646237864e-19,1.01661305855789e-16,-34.5294576233434,Tfe3,0,+,mRNA,gene,Yes,Yes,Yes
HDM_ESR1_Male-v-HDM_ESR1_FemaleCpGTile.57687,CpGTile004266,X,7688001,7689000,4.08444804288609e-11,7.65544137999864e-09,-31.981981981982,Kcnd1,0,+,transcript,gene,Yes,Yes,Yes
HDM_ESR1_Male-v-HDM_ESR1_FemaleCpGTile.57689,CpGTile005101,X,7708001,7709000,6.73243570347652e-159,9.11689441864531e-155,-24.7139472218298,Otud5,0,+,lnc_RNA,gene,Yes,Yes,Yes
HDM_ESR1_Male-v-HDM_ESR1_FemaleCpGTile.57690,CpGTile005102,X,7744001,7745000,2.71606940670621e-43,1.69104947262082e-40,-20.2545160126524,Pim2,0,+,transcript,gene,Yes,Yes,Yes
HDM_ESR1_Male-v-HDM_ESR1_FemaleCpGTile.57692,CpGTile005103,X,7765001,7766000,4.2799089048974e-21,1.19499887845451e-18,-27.3415474574501,Timm17b,0,+,mRNA,gene,Yes,Yes,Yes
HDM_ESR1_Male-v-HDM_ESR1_FemaleCpGTile.57693,CpGTile005104,X,7788001,7789000,8.60823590666477e-30,3.3069661518045e-27,-15.2277910155393,Pcsk1n,1942,+,mRNA,gene,No,Yes,Yes
HDM_ESR1_Male-v-HDM_ESR1_FemaleCpGTile.57694,CpGTile005105,X,7940001,7941000,1.34636296566971e-110,6.62985719652774e-107,-19.1011257696163,Suv39h1,0,-,lnc_RNA,gene,Yes,Yes,Yes
HDM_ESR1_Male-v-HDM_ESR1_FemaleCpGTile.57695,CpGTile005106,X,7998001,7999000,2.07043497642768e-05,0.00212403845558094,-11.8277667182777,Wdr13,0,-,lnc_RNA,gene,Yes,Yes,Yes
HDM_ESR1_Male-v-HDM_ESR1_FemaleCpGTile.57696,CpGTile005107,X,7999001,8000000,0.000739725184957566,0.0398297083713966,-17.3132664437012,Wdr13,0,-,transcript,gene,Yes,Yes,Yes
HDM_ESR1_Male-v-HDM_ESR1_FemaleCpGTile.57697,CpGTile005108,X,8011001,8012000,1.40343214294109e-51,1.07069992550152e-48,-28.3332171731252,Rbm3os,0,+,lnc_RNA,ncRNA_gene,Yes,Yes,Yes
HDM_ESR1_Male-v-HDM_ESR1_FemaleCpGTile.57698,CpGTile005109,X,8042001,8043000,5.50161507475961e-33,2.3651264141479e-30,-26.8399788203877,Tbc1d25,0,-,mRNA,gene,Yes,Yes,Yes
HDM_ESR1_Male-v-HDM_ESR1_FemaleCpGTile.57699,CpGTile005015,X,8059001,8060000,9.02317208384567e-13,1.82372414597954e-10,-31.1023622047244,Ebp,0,-,lnc_RNA,gene,Yes,Yes,Yes
HDM_ESR1_Male-v-HDM_ESR1_FemaleCpGTile.57700,CpGTile005110,X,8072001,8073000,1.15726521544961e-09,1.99001819795909e-07,-12.8982781923958,Porcn,0,-,lnc_RNA,gene,Yes,Yes,Yes
HDM_ESR1_Male-v-HDM_ESR1_FemaleCpGTile.57702,CpGTile005111,X,8118001,8119000,5.65618224232521e-42,3.25934432326464e-39,-20.4442645074224,Ftsj1,0,-,lnc_RNA,gene,Yes,Yes,Yes
HDM_ESR1_Male-v-HDM_ESR1_FemaleCpGTile.57703,CpGTile005112,X,8119001,8120000,3.65739421804722e-18,9.2574783021303e-16,-23.7430312459484,ENSMUSG00000120775,0,+,lnc_RNA,ncRNA_gene,Yes,Yes,No
HDM_ESR1_Male-v-HDM_ESR1_FemaleCpGTile.57707,CpGTile005113,X,9066001,9067000,4.86119552803918e-56,4.87622831600581e-53,-23.9855690585066,Lancl3,0,+,mRNA,gene,Yes,Yes,No
HDM_ESR1_Male-v-HDM_ESR1_FemaleCpGTile.57708,CpGTile005114,X,9138001,9139000,2.45396028384007e-67,3.32309104768219e-64,-19.2233062111215,Xk,0,+,mRNA,gene,Yes,Yes,No
HDM_ESR1_Male-v-HDM_ESR1_FemaleCpGTile.57714,CpGTile007504,X,9791001,9792000,0.000787023695811516,0.0414695569856889,13.074520303436,Sytl5,39142,+,mRNA,gene,No,No,Yes
HDM_ESR1_Male-v-HDM_ESR1_FemaleCpGTile.57716,CpGTile005115,X,10581001,10582000,1.58775674081944e-15,3.59849386368283e-13,-26.0783935514654,Mid1ip1,0,+,mRNA,gene,Yes,Yes,Yes
HDM_ESR1_Male-v-HDM_ESR1_FemaleCpGTile.57717,CpGTile005116,X,10583001,10584000,1.49002990040056e-48,1.03474916107936e-45,-26.6371930418673,Mid1ip1,0,+,mRNA,gene,Yes,Yes,Yes
HDM_ESR1_Male-v-HDM_ESR1_FemaleCpGTile.57718,CpGTile005117,X,10584001,10585000,7.01981640469919e-50,5.06989765714807e-47,-18.5123805174045,Gm14493,0,-,lnc_RNA,ncRNA_gene,Yes,Yes,Yes
HDM_ESR1_Male-v-HDM_ESR1_FemaleCpGTile.57720,CpGTile007505,X,11454001,11455000,0.000158210785155124,0.0123050388080953,-34.3570843570844,Gm14515,-12593,+,pseudogenic_transcript,pseudogene,No,No,No
HDM_ESR1_Male-v-HDM_ESR1_FemaleCpGTile.57725,CpGTile005118,X,11810001,11811000,0.000163028103267044,0.0126153451755964,-27.0301127443985,Gm14491,-30474,-,pseudogenic_transcript,pseudogene,No,No,No
HDM_ESR1_Male-v-HDM_ESR1_FemaleCpGTile.57741,CpGTile004268,X,12333001,12334000,0.000321665292428772,0.0214841438296486,-17.4358974358974,Rpl30-ps11,-9533,-,pseudogenic_transcript,pseudogene,No,No,No
HDM_ESR1_Male-v-HDM_ESR1_FemaleCpGTile.57742,CpGTile005119,X,12453001,12454000,1.98188630578213e-29,7.38162655155423e-27,-27.0012664500853,Atp6ap2,-40,+,lnc_RNA,gene,Yes,No,No
HDM_ESR1_Male-v-HDM_ESR1_FemaleCpGTile.57743,CpGTile004269,X,12457001,12458000,7.03622463997161e-11,1.28760509797421e-08,-40.3341129301704,Atp6ap2,2963,+,mRNA,gene,No,No,Yes
HDM_ESR1_Male-v-HDM_ESR1_FemaleCpGTile.57744,CpGTile004270,X,12458001,12459000,1.2027238057452e-06,0.00015698295960741,-38.4249471458774,Atp6ap2,3963,+,mRNA,gene,No,No,Yes
HDM_ESR1_Male-v-HDM_ESR1_FemaleCpGTile.57745,CpGTile005120,X,12539001,12540000,0.000102200276851843,0.00862286816808064,-12.6050420168067,1810030O07Rik,0,-,mRNA,gene,Yes,Yes,Yes
HDM_ESR1_Male-v-HDM_ESR1_FemaleCpGTile.57746,CpGTile005121,X,12627001,12628000,9.14408889445499e-53,7.73918391845954e-50,-14.8767886372365,Med14,313,-,mRNA,gene,Yes,Yes,Yes
HDM_ESR1_Male-v-HDM_ESR1_FemaleCpGTile.57747,CpGTile007506,X,12724001,12725000,0.000897064712885365,0.045285456888725,-21.8936047628193,Gm55412,11602,-,miRNA,ncRNA_gene,No,No,No
HDM_ESR1_Male-v-HDM_ESR1_FemaleCpGTile.57749,CpGTile005122,X,12938001,12939000,2.18071436724045e-37,1.10395077666258e-34,-24.7433438996073,Usp9x,250,+,mRNA,gene,Yes,Yes,Yes
HDM_ESR1_Male-v-HDM_ESR1_FemaleCpGTile.57750,CpGTile005123,X,12939001,12940000,1.74531829796374e-33,7.62408375938099e-31,-24.9370933461454,Usp9x,1250,+,mRNA,gene,No,No,Yes
HDM_ESR1_Male-v-HDM_ESR1_FemaleCpGTile.57755,CpGTile005124,X,13712001,13713000,2.44161389439413e-23,7.34749306416004e-21,-22.8985507246377,Cask,0,-,mRNA,gene,Yes,Yes,Yes
HDM_ESR1_Male-v-HDM_ESR1_FemaleCpGTile.57777,CpGTile005127,X,19104001,19105000,0.000501177302469841,0.0298321603082274,-11.5782139124376,Gm26652,0,-,lnc_RNA,ncRNA_gene,Yes,Yes,No
HDM_ESR1_Male-v-HDM_ESR1_FemaleCpGTile.57779,CpGTile005128,X,19926001,19927000,1.59393845232308e-90,3.92449309302709e-87,-28.307837000409,Chst7,204,+,mRNA,gene,Yes,Yes,No
HDM_ESR1_Male-v-HDM_ESR1_FemaleCpGTile.57781,CpGTile005129,X,20157001,20158000,2.43922420042674e-25,7.91170255244835e-23,-17.0442014764975,Slc9a7,10,-,mRNA,gene,Yes,Yes,Yes
HDM_ESR1_Male-v-HDM_ESR1_FemaleCpGTile.57783,CpGTile005130,X,20292001,20293000,1.96529693066169e-52,1.58886894017415e-49,-27.3668428077746,Jade3,0,+,lnc_RNA,gene,Yes,Yes,Yes
HDM_ESR1_Male-v-HDM_ESR1_FemaleCpGTile.57785,CpGTile005131,X,20483001,20484000,1.70048446502799e-33,7.48862803581793e-31,-23.4143454038997,Rbm10,0,+,mRNA,gene,Yes,Yes,Yes
HDM_ESR1_Male-v-HDM_ESR1_FemaleCpGTile.57786,CpGTile005132,X,20529001,20530000,0.000101149893908844,0.00856091450256913,-18.1216931216931,Uba1,0,+,mRNA,gene,Yes,Yes,Yes
HDM_ESR1_Male-v-HDM_ESR1_FemaleCpGTile.57787,CpGTile005133,X,20554001,20555000,1.13196566004262e-22,3.27888622853113e-20,-18.34217937415,Cdk16,0,+,mRNA,gene,Yes,Yes,Yes
HDM_ESR1_Male-v-HDM_ESR1_FemaleCpGTile.57788,CpGTile005134,X,20555001,20556000,2.25505370984738e-37,1.1310136252128e-34,-17.2432740780445,Cdk16,346,+,mRNA,gene,Yes,Yes,Yes
HDM_ESR1_Male-v-HDM_ESR1_FemaleCpGTile.57790,CpGTile004274,X,20665001,20666000,7.05756245375639e-25,2.23559598914686e-22,-41.3186813186813,Gm26065,676,-,snRNA,ncRNA_gene,Yes,No,Yes
HDM_ESR1_Male-v-HDM_ESR1_FemaleCpGTile.57791,CpGTile005135,X,20714001,20715000,8.09557817517228e-31,3.20082555650395e-28,-26.0928820787976,Araf,0,+,mRNA,gene,Yes,Yes,Yes
HDM_ESR1_Male-v-HDM_ESR1_FemaleCpGTile.57797,CpGTile005136,X,23559001,23560000,1.03028751139026e-10,1.86647402082046e-08,-11.9819507115585,Wdr44,0,+,mRNA,gene,Yes,Yes,Yes
HDM_ESR1_Male-v-HDM_ESR1_FemaleCpGTile.57836,CpGTile004276,X,35152001,35153000,4.418393641744e-31,1.77282284268229e-28,-30.9772547894095,Dock11,0,+,mRNA,gene,Yes,Yes,Yes
HDM_ESR1_Male-v-HDM_ESR1_FemaleCpGTile.57837,CpGTile005137,X,35153001,35154000,8.21791019748213e-08,1.23649849627173e-05,-17.5757575757576,Dock11,518,+,mRNA,gene,Yes,No,Yes
HDM_ESR1_Male-v-HDM_ESR1_FemaleCpGTile.57838,CpGTile005138,X,35375001,35376000,4.37927708847137e-26,1.46427319639572e-23,-21.0996485903252,Il13ra1,0,+,mRNA,gene,Yes,Yes,Yes
HDM_ESR1_Male-v-HDM_ESR1_FemaleCpGTile.57839,CpGTile005139,X,35592001,35593000,9.35380608264718e-90,2.11111466498275e-86,-27.5106708830244,Lonrf3,0,+,mRNA,gene,Yes,Yes,No
HDM_ESR1_Male-v-HDM_ESR1_FemaleCpGTile.57842,CpGTile005140,X,36007001,36008000,8.30438454122982e-21,2.29501792633737e-18,-18.4622881991303,Slc25a43,0,+,transcript,gene,Yes,Yes,Yes
HDM_ESR1_Male-v-HDM_ESR1_FemaleCpGTile.57843,CpGTile005141,X,36059001,36060000,9.87960134283991e-53,8.23305024836396e-50,-31.2402023926788,Slc25a5,0,+,lnc_RNA,gene,Yes,Yes,Yes
HDM_ESR1_Male-v-HDM_ESR1_FemaleCpGTile.57844,CpGTile005142,X,36071001,36072000,3.36667506459594e-22,9.59803443248158e-20,-21.917469234885,Ube2a,6175,+,mRNA,gene,No,No,Yes
HDM_ESR1_Male-v-HDM_ESR1_FemaleCpGTile.57845,CpGTile005143,X,36138001,36139000,6.81513625686016e-57,7.09914263049202e-54,-20.2070393374741,Ube2a,0,+,mRNA,gene,Yes,Yes,Yes
HDM_ESR1_Male-v-HDM_ESR1_FemaleCpGTile.57846,CpGTile007507,X,36166001,36167000,0.000156140613786644,0.0121868401293995,-11.8353174603175,Nkrf,0,-,mRNA,gene,Yes,Yes,Yes
HDM_ESR1_Male-v-HDM_ESR1_FemaleCpGTile.57848,CpGTile005016,X,36347001,36348000,3.27572250053954e-10,5.74226626532749e-08,-30.9846869548362,Snora69,-307,-,snoRNA,ncRNA_gene,Yes,Yes,Yes
HDM_ESR1_Male-v-HDM_ESR1_FemaleCpGTile.57849,CpGTile005144,X,36390001,36391000,3.10414760112149e-62,3.65526808162874e-59,-19.4386785814804,Nkap,0,+,mRNA,gene,Yes,Yes,No
HDM_ESR1_Male-v-HDM_ESR1_FemaleCpGTile.57851,CpGTile005146,X,36454001,36455000,9.67887781063405e-63,1.16505705911594e-59,-23.9508909959211,Rnf113a1,0,+,mRNA,gene,Yes,Yes,Yes
HDM_ESR1_Male-v-HDM_ESR1_FemaleCpGTile.57852,CpGTile007508,X,36455001,36456000,6.53940080730107e-11,1.20482876692015e-08,-29.7041825839945,Rnf113a1,105,+,mRNA,gene,Yes,Yes,No
HDM_ESR1_Male-v-HDM_ESR1_FemaleCpGTile.57861,CpGTile005147,X,37268001,37269000,2.03933212190068e-13,4.26503793234286e-11,-34.68612166773,Zfp36l1-ps,-605,+,pseudogenic_transcript,pseudogene,Yes,No,No
HDM_ESR1_Male-v-HDM_ESR1_FemaleCpGTile.57862,CpGTile005148,X,37278001,37279000,2.66420654799397e-15,5.96330781710794e-13,-24.968152866242,Zbtb33,0,+,mRNA,gene,Yes,Yes,Yes
HDM_ESR1_Male-v-HDM_ESR1_FemaleCpGTile.57863,CpGTile004279,X,37340001,37341000,1.81076111027451e-11,3.49051525870902e-09,-27.7030976037405,Tmem255a,279,-,transcript,gene,Yes,No,Yes
HDM_ESR1_Male-v-HDM_ESR1_FemaleCpGTile.57864,CpGTile004280,X,37544001,37545000,3.27036604244321e-13,6.78719863551806e-11,-41.3291877186164,Lamp2,292,-,transcript,gene,Yes,Yes,Yes
HDM_ESR1_Male-v-HDM_ESR1_FemaleCpGTile.57865,CpGTile005149,X,37545001,37546000,4.74982166313e-18,1.19666763743612e-15,-20.6881223328592,Lamp2,0,-,transcript,gene,Yes,Yes,Yes
HDM_ESR1_Male-v-HDM_ESR1_FemaleCpGTile.57866,CpGTile005150,X,37758001,37759000,1.23491300949204e-07,1.80300594370045e-05,-32.0417816318486,Ap3s1-ps1,16048,-,pseudogenic_transcript,pseudogene,No,No,No
HDM_ESR1_Male-v-HDM_ESR1_FemaleCpGTile.57870,CpGTile005151,X,40489001,40490000,3.98473978098908e-11,7.49449164815761e-09,-26.3183734765783,Gria3,0,+,lnc_RNA,gene,Yes,Yes,No
HDM_ESR1_Male-v-HDM_ESR1_FemaleCpGTile.57873,CpGTile005152,X,41000001,41001000,5.9444712331565e-52,4.73520754766507e-49,-14.629175015592,Thoc2,0,-,mRNA,gene,Yes,Yes,Yes
HDM_ESR1_Male-v-HDM_ESR1_FemaleCpGTile.57876,CpGTile005153,X,41157001,41158000,6.67290984278964e-31,2.65773117684748e-28,-26.0228696159046,Xiap,0,+,transcript,gene,Yes,Yes,Yes
HDM_ESR1_Male-v-HDM_ESR1_FemaleCpGTile.57878,CpGTile005154,X,41237001,41238000,6.09630254924743e-38,3.14493674863117e-35,-18.4114415251169,ENSMUSG00000120132,0,-,lnc_RNA,ncRNA_gene,Yes,Yes,Yes
HDM_ESR1_Male-v-HDM_ESR1_FemaleCpGTile.57879,CpGTile005155,X,41238001,41239000,1.65713014754176e-30,6.50447477994248e-28,-18.7262737262737,Stag2,0,+,mRNA,gene,Yes,Yes,Yes
HDM_ESR1_Male-v-HDM_ESR1_FemaleCpGTile.57888,CpGTile005156,X,43878001,43879000,1.01147566599056e-40,5.64830847245207e-38,-24.1418966737438,Dcaf12l1,39,-,mRNA,gene,Yes,Yes,No
HDM_ESR1_Male-v-HDM_ESR1_FemaleCpGTile.57896,CpGTile005157,X,47123001,47124000,4.75010707053028e-74,7.14719449190374e-71,-21.8466298382585,Apln,0,-,mRNA,gene,Yes,Yes,Yes
HDM_ESR1_Male-v-HDM_ESR1_FemaleCpGTile.57897,CpGTile005158,X,47297001,47298000,1.13155392032617e-14,2.4714866843738e-12,-19.8587564993924,Zdhhc9,0,-,transcript,gene,Yes,Yes,Yes
HDM_ESR1_Male-v-HDM_ESR1_FemaleCpGTile.57900,CpGTile005159,X,47345001,47346000,1.07483567131235e-17,2.67067031885551e-15,-13.9373278634849,Utp14a,0,+,transcript,gene,Yes,Yes,Yes
HDM_ESR1_Male-v-HDM_ESR1_FemaleCpGTile.57901,CpGTile005160,X,47374001,47375000,7.9398428658938e-27,2.75690633536178e-24,-14.0473010960749,Gm54604,-13456,+,snRNA,ncRNA_gene,No,No,No
HDM_ESR1_Male-v-HDM_ESR1_FemaleCpGTile.57902,CpGTile005161,X,47403001,47404000,3.51702713426619e-10,6.14537978246033e-08,-16.1482885837262,Gm54605,7083,+,snRNA,ncRNA_gene,No,No,No
HDM_ESR1_Male-v-HDM_ESR1_FemaleCpGTile.57903,CpGTile005162,X,47430001,47431000,1.47775140001567e-36,7.08365886352807e-34,-15.6678924217797,Bcorl1,0,+,transcript,gene,Yes,Yes,Yes
HDM_ESR1_Male-v-HDM_ESR1_FemaleCpGTile.57905,CpGTile005163,X,47433001,47434000,1.57467910264038e-16,3.7741427896846e-14,-12.7208808595484,Bcorl1,356,+,mRNA,gene,Yes,No,Yes
HDM_ESR1_Male-v-HDM_ESR1_FemaleCpGTile.57906,CpGTile005164,X,47434001,47435000,9.91543076048092e-12,1.92505031486417e-09,-13.2249629154109,Bcorl1,1356,+,mRNA,gene,No,No,Yes
HDM_ESR1_Male-v-HDM_ESR1_FemaleCpGTile.57907,CpGTile005165,X,47499001,47500000,2.33199902215672e-14,5.0526946991047e-12,-13.2538569424965,Bcorl1,40858,+,mRNA,gene,No,Yes,No
HDM_ESR1_Male-v-HDM_ESR1_FemaleCpGTile.57908,CpGTile005166,X,47542001,47543000,2.32142327167465e-84,4.8363273426185e-81,-19.6300228505018,Elf4,47,-,mRNA,gene,Yes,Yes,Yes
HDM_ESR1_Male-v-HDM_ESR1_FemaleCpGTile.57909,CpGTile005167,X,47602001,47603000,9.51281417311016e-32,3.90364022140778e-29,-16.9733936270901,Aifm1,0,-,mRNA,gene,Yes,Yes,Yes
HDM_ESR1_Male-v-HDM_ESR1_FemaleCpGTile.57910,CpGTile005168,X,47683001,47684000,9.0037305591798e-50,6.41717081910947e-47,-29.8774947906894,Zfp280c,0,-,transcript,gene,Yes,Yes,Yes
HDM_ESR1_Male-v-HDM_ESR1_FemaleCpGTile.57915,CpGTile005169,X,48376001,48377000,1.17015679541804e-24,3.68510879753742e-22,-29.1823020267728,Enox2,90,-,mRNA,gene,Yes,Yes,Yes
HDM_ESR1_Male-v-HDM_ESR1_FemaleCpGTile.57916,CpGTile005170,X,48377001,48378000,6.66954748016538e-26,2.21637614103652e-23,-26.2154025880661,Enox2,0,-,transcript,gene,Yes,Yes,Yes
HDM_ESR1_Male-v-HDM_ESR1_FemaleCpGTile.57918,CpGTile004284,X,48559001,48560000,1.97167688786329e-19,5.26107399354498e-17,-27.1696271715792,Arhgap36,0,+,mRNA,gene,Yes,Yes,Yes
HDM_ESR1_Male-v-HDM_ESR1_FemaleCpGTile.57919,CpGTile005018,X,48569001,48570000,4.35118463849633e-14,9.27915647094768e-12,-42.2268907563025,Arhgap36,-4552,+,transcript,gene,No,No,Yes
HDM_ESR1_Male-v-HDM_ESR1_FemaleCpGTile.57920,CpGTile005171,X,48582001,48583000,3.76310768251717e-25,1.20613145460189e-22,-24.9022465088039,Arhgap36,0,+,transcript,gene,Yes,Yes,Yes
HDM_ESR1_Male-v-HDM_ESR1_FemaleCpGTile.57921,CpGTile005019,X,48876001,48877000,3.7133883106056e-07,5.13120069162248e-05,-23.538961038961,Igsf1,121,-,mRNA,gene,Yes,Yes,Yes
HDM_ESR1_Male-v-HDM_ESR1_FemaleCpGTile.57924,CpGTile005172,X,49723001,49724000,4.57303251737228e-15,1.00694067551324e-12,-25.0965250965251,Firre,0,-,lnc_RNA,ncRNA_gene,Yes,Yes,Yes
HDM_ESR1_Male-v-HDM_ESR1_FemaleCpGTile.57925,CpGTile005173,X,49930001,49931000,2.97655682888172e-17,7.328687440173e-15,-24.8169491112438,Stk26,0,+,lnc_RNA,gene,Yes,Yes,Yes
HDM_ESR1_Male-v-HDM_ESR1_FemaleCpGTile.57926,CpGTile005174,X,50107001,50108000,8.61814252975719e-95,2.59343799643008e-91,-30.0226872545036,Rap2c,-107,-,mRNA,gene,Yes,No,No
HDM_ESR1_Male-v-HDM_ESR1_FemaleCpGTile.57927,CpGTile005175,X,50294001,50295000,7.98353810110439e-19,2.09924382369283e-16,-17.3444976076555,Mbnl3,0,-,mRNA,gene,Yes,Yes,Yes
HDM_ESR1_Male-v-HDM_ESR1_FemaleCpGTile.57928,CpGTile005176,X,50295001,50296000,6.49874180696643e-23,1.91313740116356e-20,-26.1889066767116,Mbnl3,0,-,transcript,gene,Yes,Yes,Yes
HDM_ESR1_Male-v-HDM_ESR1_FemaleCpGTile.57930,CpGTile007338,X,50768001,50769000,4.01524369716454e-23,1.19502013618843e-20,-35.5416666666667,Hs6st2,443,-,transcript,gene,Yes,Yes,Yes
HDM_ESR1_Male-v-HDM_ESR1_FemaleCpGTile.57931,CpGTile005177,X,50769001,50770000,3.4694024414237e-72,4.81864325641356e-69,-27.0154548617889,Hs6st2,0,-,transcript,gene,Yes,Yes,Yes
HDM_ESR1_Male-v-HDM_ESR1_FemaleCpGTile.57932,CpGTile005178,X,50770001,50771000,7.55740416914432e-75,1.16960524369322e-71,-23.6881882384443,Hs6st2,0,-,lnc_RNA,gene,Yes,Yes,Yes
HDM_ESR1_Male-v-HDM_ESR1_FemaleCpGTile.57933,CpGTile005179,X,51253001,51254000,3.05229118497892e-42,1.81685083280802e-39,-22.5292662257747,Gpc4,130,-,mRNA,gene,Yes,Yes,Yes
HDM_ESR1_Male-v-HDM_ESR1_FemaleCpGTile.57934,CpGTile005409,X,51254001,51255000,3.5224594559587e-48,2.41520285785464e-45,-30.3255950808892,Gpc4,0,-,mRNA,gene,Yes,Yes,No
HDM_ESR1_Male-v-HDM_ESR1_FemaleCpGTile.57935,CpGTile004285,X,51733001,51734000,2.54365948806059e-16,6.01669772036019e-14,-30.8962783527857,Gpc3,-30175,-,mRNA,gene,No,No,No
HDM_ESR1_Male-v-HDM_ESR1_FemaleCpGTile.57937,CpGTile005180,X,51879001,51880000,1.20771682800577e-12,2.43191023135424e-10,-21.7762237762238,Ccdc160,-77,+,mRNA,gene,Yes,No,No
HDM_ESR1_Male-v-HDM_ESR1_FemaleCpGTile.57938,CpGTile005181,X,51880001,51881000,5.8487024846781e-13,1.19549663550851e-10,-17.5936284132244,Ccdc160,0,+,mRNA,gene,Yes,Yes,Yes
HDM_ESR1_Male-v-HDM_ESR1_FemaleCpGTile.57939,CpGTile005182,X,52001001,52002000,9.87683302624868e-73,1.40789030201796e-69,-24.0512725616353,Phf6,0,+,mRNA,gene,Yes,Yes,Yes
HDM_ESR1_Male-v-HDM_ESR1_FemaleCpGTile.57940,CpGTile005183,X,52077001,52078000,4.68277973814971e-55,4.37331177199225e-52,-28.6009743542605,Hprt,0,+,mRNA,gene,Yes,Yes,Yes
HDM_ESR1_Male-v-HDM_ESR1_FemaleCpGTile.57941,CpGTile005184,X,52145001,52146000,1.55173036677601e-15,3.53162029845008e-13,-18.1818181818182,C430049B03Rik,68,-,lnc_RNA,ncRNA_gene,Yes,Yes,Yes
HDM_ESR1_Male-v-HDM_ESR1_FemaleCpGTile.57942,CpGTile004288,X,52250001,52251000,7.08292892230751e-11,1.29178767471345e-08,-39.1475409836066,Plac1,-46595,-,mRNA,gene,No,No,Yes
HDM_ESR1_Male-v-HDM_ESR1_FemaleCpGTile.57943,CpGTile005185,X,52459001,52460000,2.50554218977465e-35,1.15014981766963e-32,-37.6979472140762,Mospd1,0,-,mRNA,gene,Yes,Yes,Yes
HDM_ESR1_Male-v-HDM_ESR1_FemaleCpGTile.57946,CpGTile005187,X,52976001,52977000,1.72439093154301e-46,1.1119650734619e-43,-19.6153027714994,Gm14601,0,-,pseudogenic_transcript,pseudogene,Yes,Yes,Yes
HDM_ESR1_Male-v-HDM_ESR1_FemaleCpGTile.57947,CpGTile005188,X,52977001,52978000,1.57733425041026e-24,4.93869643984412e-22,-26.3789934795196,Gm15482,-35,-,lnc_RNA,ncRNA_gene,Yes,No,No
HDM_ESR1_Male-v-HDM_ESR1_FemaleCpGTile.57958,CpGTile005189,X,55391001,55392000,8.57386577959818e-52,6.73073189969262e-49,-24.5062713631493,Zfp449,0,+,mRNA,gene,Yes,Yes,Yes
HDM_ESR1_Male-v-HDM_ESR1_FemaleCpGTile.57959,CpGTile004289,X,55519001,55520000,4.24172533229568e-06,0.000512860475957032,-25.5148514851485,Ints6l,-9178,+,mRNA,gene,No,No,Yes
HDM_ESR1_Male-v-HDM_ESR1_FemaleCpGTile.57960,CpGTile007509,X,55643001,55644000,5.31517833141448e-42,3.09577646224794e-39,-22.4211755546905,Mmgt1,0,-,mRNA,gene,Yes,Yes,Yes
HDM_ESR1_Male-v-HDM_ESR1_FemaleCpGTile.57961,CpGTile005190,X,55655001,55656000,8.18651579058512e-24,2.50530462224037e-21,-24.4514926593205,Slc9a6,0,+,mRNA,gene,Yes,Yes,Yes
HDM_ESR1_Male-v-HDM_ESR1_FemaleCpGTile.57962,CpGTile005191,X,55777001,55778000,1.93159441559781e-55,1.83559044208127e-52,-29.948599523242,Fhl1,0,+,mRNA,gene,Yes,Yes,Yes
HDM_ESR1_Male-v-HDM_ESR1_FemaleCpGTile.57966,CpGTile005192,X,56548001,56549000,3.79465750249489e-26,1.28465734129855e-23,-28.8767842375867,Gpr101,118,-,mRNA,gene,Yes,Yes,Yes
HDM_ESR1_Male-v-HDM_ESR1_FemaleCpGTile.57967,CpGTile005193,X,56963001,56964000,4.36919851459681e-15,9.65985027783051e-13,-26.688435807582,Gm25023,-70833,+,snRNA,ncRNA_gene,No,No,No
HDM_ESR1_Male-v-HDM_ESR1_FemaleCpGTile.57968,CpGTile005194,X,56966001,56967000,2.05830987540796e-06,0.000261106440820175,-18.102949681897,Gm25023,-67833,+,snRNA,ncRNA_gene,No,No,No
HDM_ESR1_Male-v-HDM_ESR1_FemaleCpGTile.57969,CpGTile005411,X,56968001,56969000,1.63069982332755e-06,0.000209810215815839,-29.7768762677485,Gm25023,-65833,+,snRNA,ncRNA_gene,No,No,No
HDM_ESR1_Male-v-HDM_ESR1_FemaleCpGTile.57970,CpGTile005195,X,57075001,57076000,6.46042664020178e-32,2.67131194322882e-29,-19.0477861426566,Zic3,-3,+,mRNA,gene,Yes,No,Yes
HDM_ESR1_Male-v-HDM_ESR1_FemaleCpGTile.57971,CpGTile007510,X,57078001,57079000,3.41865288563319e-15,7.62049943721176e-13,-26.9463087248322,Zic3,1633,+,mRNA,gene,No,Yes,Yes
HDM_ESR1_Male-v-HDM_ESR1_FemaleCpGTile.57978,CpGTile005196,X,58179001,58180000,2.25613057602907e-16,5.35999132116531e-14,-17.0357540517135,Fgf13,0,-,mRNA,gene,Yes,Yes,Yes
HDM_ESR1_Male-v-HDM_ESR1_FemaleCpGTile.57979,CpGTile005197,X,58612001,58613000,2.74993796959285e-28,9.93039081478568e-26,-13.8723839704232,Fgf13,0,-,mRNA,gene,Yes,Yes,Yes
HDM_ESR1_Male-v-HDM_ESR1_FemaleCpGTile.57985,CpGTile005020,X,59448001,59449000,7.61910049569358e-36,3.55779085853124e-33,-24.5900755124056,Atp11c,173,-,mRNA,gene,Yes,Yes,Yes
HDM_ESR1_Male-v-HDM_ESR1_FemaleCpGTile.57986,CpGTile005198,X,59449001,59450000,2.76645901093097e-38,1.45486172136959e-35,-20.2689243027888,Atp11c,0,-,mRNA,gene,Yes,Yes,Yes
HDM_ESR1_Male-v-HDM_ESR1_FemaleCpGTile.57987,CpGTile007511,X,59591001,59592000,1.0525908906157e-27,3.70231689219151e-25,-14.9434742647059,Gm715,0,+,mRNA,gene,Yes,Yes,Yes
HDM_ESR1_Male-v-HDM_ESR1_FemaleCpGTile.57988,CpGTile004290,X,59875001,59876000,1.19194193774994e-09,2.04316161083176e-07,-25.1852804940813,Gm14660,13189,+,pseudogenic_transcript,pseudogene,No,No,No
HDM_ESR1_Male-v-HDM_ESR1_FemaleCpGTile.57989,CpGTile005199,X,59935001,59936000,9.46126633302483e-17,2.2878942763063e-14,-16.8191397643452,Sox3,1037,-,mRNA,gene,No,Yes,No
HDM_ESR1_Male-v-HDM_ESR1_FemaleCpGTile.57990,CpGTile005200,X,59936001,59937000,1.10681084727143e-51,8.56465885489204e-49,-22.9194416707713,Sox3,37,-,mRNA,gene,Yes,Yes,No
HDM_ESR1_Male-v-HDM_ESR1_FemaleCpGTile.57991,CpGTile005201,X,59938001,59939000,0.000990704421555326,0.0486522904762213,-14.5739348370927,Gm14662,744,+,lnc_RNA,ncRNA_gene,Yes,Yes,Yes
HDM_ESR1_Male-v-HDM_ESR1_FemaleCpGTile.58029,CpGTile005202,X,68404001,68405000,4.23527791338257e-42,2.49361147775662e-39,-16.9076046554094,Aff2,0,+,transcript,gene,Yes,Yes,Yes
HDM_ESR1_Male-v-HDM_ESR1_FemaleCpGTile.58031,CpGTile005203,X,69408001,69409000,1.9273419786155e-20,5.29940677601855e-18,-25.9403436155185,Ids,0,-,mRNA,gene,Yes,Yes,Yes
HDM_ESR1_Male-v-HDM_ESR1_FemaleCpGTile.58032,CpGTile007512,X,69520001,69521000,1.66660945181992e-08,2.67086441841097e-06,-24.7524752475248,Tmem185a,0,-,transcript,gene,Yes,Yes,Yes
HDM_ESR1_Male-v-HDM_ESR1_FemaleCpGTile.58033,CpGTile005204,X,70093001,70094000,2.59742122321289e-13,5.4113265061998e-11,-15.2521593143211,Mamld1,0,+,mRNA,gene,Yes,Yes,Yes
HDM_ESR1_Male-v-HDM_ESR1_FemaleCpGTile.58034,CpGTile005205,X,70094001,70095000,2.24709752546358e-19,5.96659357665839e-17,-23.2878173671858,Mamld1,141,+,mRNA,gene,Yes,No,Yes
HDM_ESR1_Male-v-HDM_ESR1_FemaleCpGTile.58035,CpGTile005021,X,70095001,70096000,0.000115560484966399,0.00949857909240868,-22.852795739825,Mamld1,1141,+,mRNA,gene,No,No,Yes
HDM_ESR1_Male-v-HDM_ESR1_FemaleCpGTile.58036,CpGTile005206,X,70258001,70259000,2.25870188911731e-60,2.54889755026348e-57,-33.3892727044341,Mtm1,0,+,mRNA,gene,Yes,Yes,Yes
HDM_ESR1_Male-v-HDM_ESR1_FemaleCpGTile.58037,CpGTile007513,X,70536001,70537000,2.61601665441138e-26,8.96846504399308e-24,-51.9494005475314,Cd99l2,0,-,mRNA,gene,Yes,Yes,Yes
HDM_ESR1_Male-v-HDM_ESR1_FemaleCpGTile.58038,CpGTile005207,X,70599001,70600000,2.04980044121328e-18,5.23733583934645e-16,-22.4074760595658,Hmgb3,0,+,mRNA,gene,Yes,Yes,Yes
HDM_ESR1_Male-v-HDM_ESR1_FemaleCpGTile.58039,CpGTile005208,X,70600001,70601000,6.92076986772903e-147,7.49754543037025e-143,-23.1309303486972,Hmgb3,0,+,mRNA,gene,Yes,Yes,Yes
HDM_ESR1_Male-v-HDM_ESR1_FemaleCpGTile.58041,CpGTile005210,X,70708001,70709000,8.55648125654066e-19,2.2390281825794e-16,-28.4306379807254,Gpr50,431,+,transcript,gene,Yes,No,Yes
HDM_ESR1_Male-v-HDM_ESR1_FemaleCpGTile.58042,CpGTile007514,X,70859001,70860000,1.58450139651592e-05,0.00165690484826281,-23.1176470588235,Vma21,0,+,mRNA,gene,Yes,Yes,Yes
HDM_ESR1_Male-v-HDM_ESR1_FemaleCpGTile.58043,CpGTile005211,X,70860001,70861000,1.19907819156553e-54,1.1008551913666e-51,-24.7563215251749,Vma21,0,+,transcript,gene,Yes,Yes,Yes
HDM_ESR1_Male-v-HDM_ESR1_FemaleCpGTile.58048,CpGTile005212,X,71962001,71963000,7.01921481102332e-12,1.38258086460924e-09,-22.0282077208265,Nsdhl,0,+,mRNA,gene,Yes,Yes,Yes
HDM_ESR1_Male-v-HDM_ESR1_FemaleCpGTile.58051,CpGTile005213,X,72271001,72272000,7.8750213360886e-16,1.82293248361642e-13,-20.4225352112676,F8a,0,+,mRNA,gene,Yes,Yes,Yes
HDM_ESR1_Male-v-HDM_ESR1_FemaleCpGTile.58052,CpGTile005022,X,72272001,72273000,1.68163106193415e-10,2.99634515610575e-08,-20.3252032520325,F8a,106,+,mRNA,gene,Yes,Yes,Yes
HDM_ESR1_Male-v-HDM_ESR1_FemaleCpGTile.58053,CpGTile007515,X,72386001,72387000,6.81191973373929e-16,1.58361024639565e-13,-21.0973502304147,Zfp275,0,+,mRNA,gene,Yes,Yes,Yes
HDM_ESR1_Male-v-HDM_ESR1_FemaleCpGTile.58055,CpGTile005214,X,72546001,72547000,3.28286292483225e-14,7.05646043210941e-12,-23.0772854686359,Atp2b3,0,+,mRNA,gene,Yes,Yes,Yes
HDM_ESR1_Male-v-HDM_ESR1_FemaleCpGTile.58057,CpGTile005215,X,72680001,72681000,5.52666918129863e-22,1.56734572627467e-19,-28.252553890464,Dusp9,-2025,+,mRNA,gene,No,No,No
HDM_ESR1_Male-v-HDM_ESR1_FemaleCpGTile.58058,CpGTile005216,X,72716001,72717000,1.65132472177528e-51,1.24232346561603e-48,-21.1046650821257,Gm32261,0,-,lnc_RNA,ncRNA_gene,Yes,Yes,Yes
HDM_ESR1_Male-v-HDM_ESR1_FemaleCpGTile.58059,CpGTile005217,X,72717001,72718000,1.00399192106998e-38,5.33168825953578e-36,-16.1516959832825,Slc6a8,0,+,mRNA,gene,Yes,Yes,Yes
HDM_ESR1_Male-v-HDM_ESR1_FemaleCpGTile.58060,CpGTile004291,X,72760001,72761000,3.95349076265552e-36,1.86216255831749e-33,-33.008355231067,Abcd1,0,+,mRNA,gene,Yes,Yes,No
HDM_ESR1_Male-v-HDM_ESR1_FemaleCpGTile.58061,CpGTile007516,X,72867001,72868000,3.93257886703088e-06,0.000477614259568258,-28.6197916666667,Pdzd4,576,-,mRNA,gene,Yes,Yes,Yes
HDM_ESR1_Male-v-HDM_ESR1_FemaleCpGTile.58062,CpGTile005218,X,72868001,72869000,4.16420300960829e-26,1.40100833763227e-23,-16.0672638535729,Pdzd4,0,-,mRNA,gene,Yes,Yes,No
HDM_ESR1_Male-v-HDM_ESR1_FemaleCpGTile.58064,CpGTile007517,X,72954001,72955000,5.31064599046933e-10,9.21992652957898e-08,-12.317880794702,Arhgap4,0,-,mRNA,gene,Yes,Yes,Yes
HDM_ESR1_Male-v-HDM_ESR1_FemaleCpGTile.58065,CpGTile004292,X,72955001,72956000,1.19256938650343e-05,0.00129454697219591,-31.6666666666667,Arhgap4,-60,-,mRNA,gene,Yes,No,Yes
HDM_ESR1_Male-v-HDM_ESR1_FemaleCpGTile.58066,CpGTile005219,X,72966001,72967000,7.29317480124301e-22,2.05754857182551e-19,-34.6656976744186,Naa10,-452,-,mRNA,gene,Yes,Yes,Yes
HDM_ESR1_Male-v-HDM_ESR1_FemaleCpGTile.58067,CpGTile005220,X,73066001,73067000,0.000876141987198868,0.0446453190693153,-21.9490586932447,Irak1,0,-,lnc_RNA,gene,Yes,Yes,Yes
HDM_ESR1_Male-v-HDM_ESR1_FemaleCpGTile.58068,CpGTile005221,X,73067001,73068000,6.4997785475426e-95,2.07102022900242e-91,-23.4672845411158,Mir718,0,-,miRNA,ncRNA_gene,Yes,Yes,Yes
HDM_ESR1_Male-v-HDM_ESR1_FemaleCpGTile.58069,CpGTile005222,X,73289001,73290000,4.59869174154938e-58,4.98194578226148e-55,-29.6276162000544,Flna,0,-,mRNA,gene,Yes,Yes,Yes
HDM_ESR1_Male-v-HDM_ESR1_FemaleCpGTile.58070,CpGTile005223,X,73293001,73294000,7.96947314490325e-57,8.14495040264616e-54,-22.1602515917131,Flna,0,-,mRNA,gene,Yes,Yes,Yes
HDM_ESR1_Male-v-HDM_ESR1_FemaleCpGTile.58072,CpGTile005224,X,73326001,73327000,1.86317583117233e-08,2.96831254197512e-06,-23.4657039711191,Tafazzin,0,+,mRNA,gene,Yes,Yes,Yes
HDM_ESR1_Male-v-HDM_ESR1_FemaleCpGTile.58073,CpGTile005225,X,73340001,73341000,9.25661931806069e-08,1.3850917267961e-05,-16.0997732426304,Atp6ap1,0,+,mRNA,gene,Yes,Yes,Yes
HDM_ESR1_Male-v-HDM_ESR1_FemaleCpGTile.58074,CpGTile005226,X,73372001,73373000,8.40282533435919e-05,0.0073626586280111,-13.2234042553191,Plxna3,0,+,mRNA,gene,Yes,Yes,Yes
HDM_ESR1_Male-v-HDM_ESR1_FemaleCpGTile.58075,CpGTile005227,X,73436001,73437000,1.27383380185766e-15,2.9237179100939e-13,-20.8841872018013,Ikbkg,0,+,mRNA,gene,Yes,Yes,Yes
HDM_ESR1_Male-v-HDM_ESR1_FemaleCpGTile.58077,CpGTile007518,X,73899001,73900000,0.000301606451279392,0.0204469506882617,20.7317073170732,Gm6897,-4484,+,pseudogenic_transcript,pseudogene,No,No,No
HDM_ESR1_Male-v-HDM_ESR1_FemaleCpGTile.58082,CpGTile005228,X,74717001,74718000,1.72026323745822e-05,0.00178508585070887,-21.2010262440537,Gm15065,-31015,+,pseudogenic_transcript,pseudogene,No,No,No
HDM_ESR1_Male-v-HDM_ESR1_FemaleCpGTile.58083,CpGTile005229,X,74918001,74919000,3.95929203283336e-08,6.23438754504756e-06,-13.7421602787456,Pls3,0,-,transcript,gene,Yes,Yes,Yes
HDM_ESR1_Male-v-HDM_ESR1_FemaleCpGTile.58094,CpGTile005230,X,76554001,76555000,2.60731453705804e-42,1.56922644658125e-39,-24.5044266896998,Tbl1x,0,+,lnc_RNA,gene,Yes,Yes,Yes
HDM_ESR1_Male-v-HDM_ESR1_FemaleCpGTile.58095,CpGTile005231,X,76839001,76840000,4.67881897011766e-17,1.14161054006111e-14,-30.1092043681747,Prkx,0,-,mRNA,gene,Yes,Yes,Yes
HDM_ESR1_Male-v-HDM_ESR1_FemaleCpGTile.58100,CpGTile007519,X,77627001,77628000,5.58851628141142e-06,0.000656644479317904,-12.7397698209719,Prrg1,0,-,mRNA,gene,Yes,Yes,Yes
HDM_ESR1_Male-v-HDM_ESR1_FemaleCpGTile.58111,CpGTile004295,X,79798001,79799000,1.14938356659089e-10,2.07528826805313e-08,-17.568989860095,Gm6954,88084,+,pseudogenic_transcript,pseudogene,No,No,No
HDM_ESR1_Male-v-HDM_ESR1_FemaleCpGTile.58128,CpGTile005232,X,84617001,84618000,2.97872184237505e-82,5.37827986492768e-79,-27.5881720430108,Tab3,0,+,transcript,gene,Yes,Yes,Yes
HDM_ESR1_Male-v-HDM_ESR1_FemaleCpGTile.58150,CpGTile005233,X,92325001,92326000,3.36420010233144e-11,6.37162912451636e-09,-18.1791504658499,Arx,-4051,+,lnc_RNA,gene,No,No,No
HDM_ESR1_Male-v-HDM_ESR1_FemaleCpGTile.58151,CpGTile005234,X,92332001,92333000,5.73436451220439e-41,3.2355548396844e-38,-19.5962702477516,Arx,1887,+,mRNA,gene,No,Yes,Yes
HDM_ESR1_Male-v-HDM_ESR1_FemaleCpGTile.58152,CpGTile005026,X,92337001,92338000,1.0092938171052e-17,2.5193736403802e-15,-26.1772804907804,Arx,6887,+,mRNA,gene,No,No,Yes
HDM_ESR1_Male-v-HDM_ESR1_FemaleCpGTile.58155,CpGTile005235,X,92675001,92676000,5.48489272520812e-56,5.40182052442531e-53,-25.1226883854995,Pola1,0,-,lnc_RNA,gene,Yes,Yes,Yes
HDM_ESR1_Male-v-HDM_ESR1_FemaleCpGTile.58156,CpGTile005236,X,92718001,92719000,9.247070144286e-05,0.00792811895027683,-15.6177156177156,Pcyt1b,0,+,mRNA,gene,Yes,Yes,Yes
HDM_ESR1_Male-v-HDM_ESR1_FemaleCpGTile.58157,CpGTile005237,X,92875001,92876000,1.21758664877098e-18,3.14061922405345e-16,-17.5206356817481,Pdk3,0,-,mRNA,gene,Yes,Yes,Yes
HDM_ESR1_Male-v-HDM_ESR1_FemaleCpGTile.58158,CpGTile005238,X,93165001,93166000,4.85792165676437e-24,1.49510791654568e-21,-27.6743045336697,Zfx,507,-,mRNA,gene,Yes,No,Yes
HDM_ESR1_Male-v-HDM_ESR1_FemaleCpGTile.58159,CpGTile005239,X,93166001,93167000,7.06235647655585e-268,3.82546591928668e-263,-23.099676639925,Zfx,0,-,lnc_RNA,gene,Yes,Yes,Yes
HDM_ESR1_Male-v-HDM_ESR1_FemaleCpGTile.58160,CpGTile005240,X,93167001,93168000,1.61969041412727e-23,4.92886260120913e-21,-25.1980676328502,Zfx,0,-,mRNA,gene,Yes,Yes,Yes
HDM_ESR1_Male-v-HDM_ESR1_FemaleCpGTile.58162,CpGTile005241,X,93278001,93279000,1.01806465086679e-47,6.89318720750254e-45,-14.423076298696,Klhl15,0,+,mRNA,gene,Yes,Yes,Yes
HDM_ESR1_Male-v-HDM_ESR1_FemaleCpGTile.58163,CpGTile005242,X,93410001,93411000,5.51124969320529e-39,3.01543238851174e-36,-27.6676085281274,Apoo,0,+,mRNA,gene,Yes,Yes,Yes
HDM_ESR1_Male-v-HDM_ESR1_FemaleCpGTile.58164,CpGTile005243,X,93585001,93586000,1.14975880297444e-18,2.97985518980819e-16,-27.0171059393583,Maged1,0,-,lnc_RNA,gene,Yes,Yes,Yes
HDM_ESR1_Male-v-HDM_ESR1_FemaleCpGTile.58165,CpGTile005415,X,93679001,93680000,1.37249766772925e-10,2.46990256824842e-08,-20.980699008868,Gspt2,0,+,mRNA,gene,Yes,Yes,No
HDM_ESR1_Male-v-HDM_ESR1_FemaleCpGTile.58166,CpGTile005244,X,93769001,93770000,6.35902684923087e-98,2.15280839443559e-94,-23.2789432789433,Zxdb,828,+,mRNA,gene,Yes,Yes,No
HDM_ESR1_Male-v-HDM_ESR1_FemaleCpGTile.58167,CpGTile007520,X,93844001,93845000,0.000248585784600334,0.0176476326126852,13.0056937368894,Zxda,-2213,-,pseudogenic_transcript,pseudogene,No,No,No
HDM_ESR1_Male-v-HDM_ESR1_FemaleCpGTile.58170,CpGTile005246,X,94070001,94071000,4.7084755443031e-24,1.45739398427376e-21,-22.4704267004647,Spin4,0,-,mRNA,gene,Yes,Yes,No
HDM_ESR1_Male-v-HDM_ESR1_FemaleCpGTile.58171,CpGTile005247,X,94209001,94210000,7.70326840461024e-21,2.13980954800888e-18,-32.7530399790045,Arhgef9,0,-,mRNA,gene,Yes,Yes,Yes
HDM_ESR1_Male-v-HDM_ESR1_FemaleCpGTile.58172,CpGTile005248,X,94487001,94488000,4.27967365526417e-38,2.22900999668912e-35,-27.9260174095801,Amer1,479,-,mRNA,gene,Yes,No,Yes
HDM_ESR1_Male-v-HDM_ESR1_FemaleCpGTile.58174,CpGTile005249,X,94755001,94756000,2.75061240288539e-24,8.56278127834079e-22,-26.2727591036415,Zc3h12b,0,+,transcript,gene,Yes,Yes,Yes
HDM_ESR1_Male-v-HDM_ESR1_FemaleCpGTile.58177,CpGTile005250,X,95499001,95500000,2.73417051858271e-09,4.6137628305977e-07,-25.8784425451092,Heph,0,+,mRNA,gene,Yes,Yes,Yes
HDM_ESR1_Male-v-HDM_ESR1_FemaleCpGTile.58184,CpGTile005251,X,97193001,97194000,3.12922162795894e-28,1.12251997558512e-25,-27.9840716774515,Ar,628,+,mRNA,gene,Yes,Yes,No
HDM_ESR1_Male-v-HDM_ESR1_FemaleCpGTile.58187,CpGTile005252,X,97934001,97935000,5.34263383155374e-20,1.45424317983806e-17,-14.6098663522013,Ophn1,0,-,lnc_RNA,gene,Yes,Yes,Yes
HDM_ESR1_Male-v-HDM_ESR1_FemaleCpGTile.58188,CpGTile005253,X,97981001,97982000,1.28029144900382e-93,3.64997547294491e-90,-24.8732359606022,Yipf6,0,+,lnc_RNA,gene,Yes,Yes,Yes
HDM_ESR1_Male-v-HDM_ESR1_FemaleCpGTile.58189,CpGTile005027,X,98098001,98099000,9.34328105320683e-07,0.000123138056066297,-24.4133052173322,Stard8,10413,+,transcript,gene,No,No,Yes
HDM_ESR1_Male-v-HDM_ESR1_FemaleCpGTile.58190,CpGTile005254,X,98179001,98180000,1.96587320849548e-35,9.10131916472393e-33,-23.2220851162047,Efnb1,0,+,mRNA,gene,Yes,Yes,No
HDM_ESR1_Male-v-HDM_ESR1_FemaleCpGTile.58191,CpGTile005255,X,98180001,98181000,3.07013582345849e-20,8.39899071403046e-18,-17.7947461035696,Efnb1,267,+,mRNA,gene,Yes,Yes,Yes
HDM_ESR1_Male-v-HDM_ESR1_FemaleCpGTile.58192,CpGTile005256,X,98243001,98244000,8.7101681501869e-10,1.50255920448942e-07,-33.6312679896985,Efnb1,61266,+,transcript,gene,No,No,No
HDM_ESR1_Male-v-HDM_ESR1_FemaleCpGTile.58193,CpGTile005257,X,98335001,98336000,1.58872698917389e-08,2.55360708530668e-06,-27.7487196251498,Gm14809,126502,-,lnc_RNA,ncRNA_gene,No,No,No
HDM_ESR1_Male-v-HDM_ESR1_FemaleCpGTile.58194,CpGTile005258,X,98514001,98515000,1.11751362677483e-52,9.17156808083273e-50,-27.6020032883351,Pja1,0,-,mRNA,gene,Yes,Yes,Yes
HDM_ESR1_Male-v-HDM_ESR1_FemaleCpGTile.58195,CpGTile005416,X,98531001,98532000,2.28082063581315e-06,0.000287984122008156,-34.8540683962264,Pja1,-16123,-,mRNA,gene,No,No,No
HDM_ESR1_Male-v-HDM_ESR1_FemaleCpGTile.58198,CpGTile007521,X,98749001,98750000,0.000771919600187789,0.0409124864835659,-16.6545630597918,Gm14816,-17622,-,pseudogenic_transcript,pseudogene,No,No,No
HDM_ESR1_Male-v-HDM_ESR1_FemaleCpGTile.58199,CpGTile005259,X,98864001,98865000,4.09206922026525e-25,1.30385336541221e-22,-14.4055027740953,Nalf2,0,+,mRNA,gene,Yes,Yes,No
HDM_ESR1_Male-v-HDM_ESR1_FemaleCpGTile.58200,CpGTile007522,X,98865001,98866000,3.80606047046675e-14,8.1487288165501e-12,-30.6627393225331,Nalf2,376,+,mRNA,gene,Yes,Yes,Yes
HDM_ESR1_Male-v-HDM_ESR1_FemaleCpGTile.58202,CpGTile007523,X,98896001,98897000,3.36846517359742e-12,6.65911018369894e-10,-24.3876900664664,Nalf2,31376,+,mRNA,gene,No,No,No
HDM_ESR1_Male-v-HDM_ESR1_FemaleCpGTile.58203,CpGTile005260,X,99019001,99020000,1.23018684171478e-36,5.94959984187814e-34,-30.9631132048418,Eda,0,+,mRNA,gene,Yes,Yes,Yes
HDM_ESR1_Male-v-HDM_ESR1_FemaleCpGTile.58204,CpGTile005261,X,99020001,99021000,6.28434351330403e-20,1.70201985803461e-17,-18.0864146688517,Eda,616,+,mRNA,gene,Yes,No,Yes
HDM_ESR1_Male-v-HDM_ESR1_FemaleCpGTile.58207,CpGTile005263,X,99669001,99670000,4.98271662340241e-63,6.13406275021291e-60,-25.805121184998,Kif4,0,+,mRNA,gene,Yes,Yes,Yes
HDM_ESR1_Male-v-HDM_ESR1_FemaleCpGTile.58208,CpGTile005418,X,99773001,99774000,1.48119413858388e-05,0.00156093050472989,-22.8070175438596,Gdpd2,0,+,mRNA,gene,Yes,Yes,Yes
HDM_ESR1_Male-v-HDM_ESR1_FemaleCpGTile.58209,CpGTile004299,X,99811001,99812000,2.20503952313844e-09,3.74421171086877e-07,-20.6663798086744,Dlg3,0,+,lnc_RNA,gene,Yes,Yes,No
HDM_ESR1_Male-v-HDM_ESR1_FemaleCpGTile.58210,CpGTile004300,X,99812001,99813000,0.000255410387906561,0.0179906526681818,-20.8842668612784,Dlg3,402,+,lnc_RNA,gene,Yes,Yes,Yes
HDM_ESR1_Male-v-HDM_ESR1_FemaleCpGTile.58212,CpGTile007524,X,100297001,100298000,6.31684624508066e-13,1.28633288252164e-10,-26.2987012987013,Foxo4,-134,+,mRNA,gene,Yes,No,No
HDM_ESR1_Male-v-HDM_ESR1_FemaleCpGTile.58213,CpGTile005264,X,100298001,100299000,1.86294439850507e-31,7.58722484332362e-29,-22.4907063197026,Foxo4,0,+,mRNA,gene,Yes,Yes,Yes
HDM_ESR1_Male-v-HDM_ESR1_FemaleCpGTile.58214,CpGTile005265,X,100317001,100318000,3.53218403051562e-34,1.58122129506044e-31,-16.2680787449794,Med12,0,+,mRNA,gene,Yes,Yes,Yes
HDM_ESR1_Male-v-HDM_ESR1_FemaleCpGTile.58216,CpGTile007525,X,100427001,100428000,1.17056877822129e-07,1.72768902414129e-05,-35.4549632352941,Gjb1,0,+,mRNA,gene,Yes,Yes,Yes
HDM_ESR1_Male-v-HDM_ESR1_FemaleCpGTile.58218,CpGTile005420,X,100892001,100893000,5.26156269009515e-09,8.71568847361734e-07,-28.8940596769778,Nhsl2,0,+,mRNA,gene,Yes,Yes,No
HDM_ESR1_Male-v-HDM_ESR1_FemaleCpGTile.58219,CpGTile005266,X,100893001,100894000,6.14261685872455e-98,2.15280839443559e-94,-22.7989103174085,Nhsl2,12,+,mRNA,gene,Yes,Yes,Yes
HDM_ESR1_Male-v-HDM_ESR1_FemaleCpGTile.58220,CpGTile005421,X,101114001,101115000,1.69942370290853e-23,5.14260706980729e-21,-29.8525301559282,Rtl5,0,-,mRNA,gene,Yes,Yes,Yes
HDM_ESR1_Male-v-HDM_ESR1_FemaleCpGTile.58222,CpGTile005267,X,101222001,101223000,3.02261021513897e-11,5.7649893307048e-09,-24.6336996336996,Gm9103,0,-,pseudogenic_transcript,pseudogene,Yes,Yes,No
HDM_ESR1_Male-v-HDM_ESR1_FemaleCpGTile.58223,CpGTile005268,X,101294001,101295000,1.99007825459842e-81,3.47730802306555e-78,-27.1464009671745,Cited1,0,-,mRNA,gene,Yes,Yes,Yes
HDM_ESR1_Male-v-HDM_ESR1_FemaleCpGTile.58224,CpGTile005269,X,101295001,101296000,6.83417011896406e-91,1.76279249429479e-87,-20.4175116768271,Cited1,0,-,mRNA,gene,Yes,Yes,Yes
HDM_ESR1_Male-v-HDM_ESR1_FemaleCpGTile.58226,CpGTile005271,X,101687001,101688000,1.42072138449063e-66,1.87698050934105e-63,-21.8086309461249,Phka1,0,-,mRNA,gene,Yes,Yes,Yes
HDM_ESR1_Male-v-HDM_ESR1_FemaleCpGTile.58230,CpGTile005272,X,102399001,102400000,5.21932152492286e-08,8.09639145206371e-06,-14.8039349637929,Chic1,-82,+,mRNA,gene,Yes,No,No
HDM_ESR1_Male-v-HDM_ESR1_FemaleCpGTile.58236,CpGTile005273,X,102865001,102866000,8.50689509291238e-34,3.77699098827502e-31,-26.8174976014821,Slc16a2,0,-,mRNA,gene,Yes,Yes,No
HDM_ESR1_Male-v-HDM_ESR1_FemaleCpGTile.58237,CpGTile005274,X,103024001,103025000,1.0276387691826e-29,3.89259432378493e-27,-19.8561752287122,Rlim,0,-,lnc_RNA,gene,Yes,Yes,Yes
HDM_ESR1_Male-v-HDM_ESR1_FemaleCpGTile.58239,CpGTile005275,X,103457001,103458000,2.9927390937407e-30,1.16624221770478e-27,-19.8556853268895,Abcb7,0,-,lnc_RNA,gene,Yes,Yes,Yes
HDM_ESR1_Male-v-HDM_ESR1_FemaleCpGTile.58245,CpGTile005276,X,105230001,105231000,1.01546311725162e-78,1.71889313796767e-75,-14.0647990274874,Pgk1,0,+,mRNA,gene,Yes,Yes,Yes
HDM_ESR1_Male-v-HDM_ESR1_FemaleCpGTile.58246,CpGTile004302,X,105263001,105264000,4.16258113948395e-43,2.56221011972902e-40,-23.6783234195178,Taf9b,0,-,mRNA,gene,Yes,Yes,Yes
HDM_ESR1_Male-v-HDM_ESR1_FemaleCpGTile.58249,CpGTile005277,X,105528001,105529000,5.75504550840769e-28,2.05087823632991e-25,-31.1094242015295,Fndc3c1,0,-,mRNA,gene,Yes,Yes,Yes
HDM_ESR1_Male-v-HDM_ESR1_FemaleCpGTile.58250,CpGTile005278,X,105529001,105530000,2.30495886372702e-32,9.67850259605341e-30,-25.8928571428571,Fndc3c1,0,-,mRNA,gene,Yes,Yes,No
HDM_ESR1_Male-v-HDM_ESR1_FemaleCpGTile.58257,CpGTile005279,X,108057001,108058000,1.38384573633291e-46,9.03117566526568e-44,-26.5196551025898,Hmgn5,0,-,mRNA,gene,Yes,Yes,No
HDM_ESR1_Male-v-HDM_ESR1_FemaleCpGTile.58272,CpGTile005031,X,110372001,110373000,2.0792370186728e-33,9.01008084704445e-31,-27.8492569893376,Rps6ka6,0,-,transcript,gene,Yes,Yes,Yes
HDM_ESR1_Male-v-HDM_ESR1_FemaleCpGTile.58275,CpGTile005280,X,110804001,110805000,1.1582875616349e-36,5.65233789650482e-34,-24.7626923630088,Gm45194,2917,+,mRNA,gene,No,No,Yes
HDM_ESR1_Male-v-HDM_ESR1_FemaleCpGTile.58279,CpGTile005281,X,111510001,111511000,2.21018181193672e-11,4.24535091780523e-09,-21.5116279069767,Zfp711,0,+,mRNA,gene,Yes,Yes,Yes
HDM_ESR1_Male-v-HDM_ESR1_FemaleCpGTile.58280,CpGTile005282,X,111511001,111512000,1.18628674291919e-32,5.02012359539136e-30,-16.8230198928283,Zfp711,780,+,mRNA,gene,Yes,No,Yes
HDM_ESR1_Male-v-HDM_ESR1_FemaleCpGTile.58281,CpGTile005283,X,112208001,112209000,4.88867147750797e-11,9.13119374281569e-09,-19.8945981554677,Dach2,0,+,transcript,gene,Yes,Yes,Yes
HDM_ESR1_Male-v-HDM_ESR1_FemaleCpGTile.58336,CpGTile005284,X,128650001,128651000,9.47425088930823e-113,5.13191652221656e-109,-24.176293508937,Diaph2,0,+,mRNA,gene,Yes,Yes,Yes
HDM_ESR1_Male-v-HDM_ESR1_FemaleCpGTile.58345,CpGTile005285,X,132587001,132588000,2.14733154957139e-22,6.18694076358595e-20,-18.0532717846601,Pcdh19,14,-,mRNA,gene,Yes,Yes,No
HDM_ESR1_Male-v-HDM_ESR1_FemaleCpGTile.58346,CpGTile005286,X,132588001,132589000,1.85680312460601e-86,4.02309744379787e-83,-24.6772330668862,Pcdh19,0,-,mRNA,gene,Yes,Yes,No
HDM_ESR1_Male-v-HDM_ESR1_FemaleCpGTile.58347,CpGTile005287,X,132589001,132590000,8.44817136798563e-66,1.08955241227289e-62,-22.7639751552795,Pcdh19,0,-,mRNA,gene,Yes,Yes,No
HDM_ESR1_Male-v-HDM_ESR1_FemaleCpGTile.58348,CpGTile005288,X,132799001,132800000,6.1485719660615e-39,3.33049635578866e-36,-29.8548412204234,Tspan6,0,-,mRNA,gene,Yes,Yes,Yes
HDM_ESR1_Male-v-HDM_ESR1_FemaleCpGTile.58349,CpGTile005289,X,132959001,132960000,1.63807684212316e-50,1.1990498886629e-47,-17.8356193803708,Cstf2,0,+,mRNA,gene,Yes,Yes,No
HDM_ESR1_Male-v-HDM_ESR1_FemaleCpGTile.58350,CpGTile005290,X,132960001,132961000,2.86212731320134e-84,5.74195634310372e-81,-28.1228969112992,Cstf2,0,+,transcript,gene,Yes,Yes,Yes
HDM_ESR1_Male-v-HDM_ESR1_FemaleCpGTile.58351,CpGTile007352,X,133063001,133064000,3.82108257771506e-05,0.00368399846039401,-25.363196125908,Xkrx,-177,-,transcript,gene,Yes,No,Yes
HDM_ESR1_Male-v-HDM_ESR1_FemaleCpGTile.58353,CpGTile005291,X,133196001,133197000,0.000707450204538841,0.0385653706882745,-19.1399229781772,Tmem35a,29,+,mRNA,gene,Yes,Yes,Yes
HDM_ESR1_Male-v-HDM_ESR1_FemaleCpGTile.58355,CpGTile007526,X,133375001,133376000,1.85490471656836e-19,4.97399034880926e-17,-31.0434556336196,Taf7l,0,-,transcript,gene,Yes,Yes,Yes
HDM_ESR1_Male-v-HDM_ESR1_FemaleCpGTile.58356,CpGTile004303,X,133442001,133443000,3.13354222107417e-37,1.54304136215439e-34,-34.8583385844559,Timm8a1,0,-,mRNA,gene,Yes,Yes,Yes
HDM_ESR1_Male-v-HDM_ESR1_FemaleCpGTile.58357,CpGTile005426,X,133486001,133487000,2.20063682541993e-15,4.94613579642602e-13,-24.5210402912322,Rpl36a,0,+,lnc_RNA,gene,Yes,Yes,Yes
HDM_ESR1_Male-v-HDM_ESR1_FemaleCpGTile.58358,CpGTile004304,X,133502001,133503000,2.77882609531602e-37,1.38092334895443e-34,-31.6709394615664,Hnrnph2,0,+,mRNA,gene,Yes,Yes,Yes
HDM_ESR1_Male-v-HDM_ESR1_FemaleCpGTile.58360,CpGTile005292,X,133587001,133588000,8.59193160373473e-18,2.15462533514959e-15,-27.9573809306985,Armcx4,0,+,mRNA,gene,Yes,Yes,Yes
HDM_ESR1_Male-v-HDM_ESR1_FemaleCpGTile.58361,CpGTile005293,X,133657001,133658000,1.28153058047289e-18,3.28988881553184e-16,-30.066753069387,Armcx3,0,+,mRNA,gene,Yes,Yes,Yes
HDM_ESR1_Male-v-HDM_ESR1_FemaleCpGTile.58362,CpGTile005032,X,134111001,134112000,1.65451249944957e-13,3.48715804846061e-11,-45.1923076923077,Tceal6,0,-,mRNA,gene,Yes,Yes,Yes
HDM_ESR1_Male-v-HDM_ESR1_FemaleCpGTile.58363,CpGTile005294,X,134643001,134644000,2.01547407950259e-46,1.28437840124815e-43,-28.5211911185197,Gprasp1,0,+,transcript,gene,Yes,Yes,Yes
HDM_ESR1_Male-v-HDM_ESR1_FemaleCpGTile.58367,CpGTile005295,X,135938001,135939000,5.75438012041585e-54,5.10979425995925e-51,-31.2693970482605,Slc25a53,0,-,transcript,gene,Yes,Yes,Yes
HDM_ESR1_Male-v-HDM_ESR1_FemaleCpGTile.58368,CpGTile007527,X,135950001,135951000,1.61914466130011e-10,2.90411233488896e-08,-21.3272801469088,Fam199x,0,+,mRNA,gene,Yes,Yes,Yes
HDM_ESR1_Male-v-HDM_ESR1_FemaleCpGTile.58370,CpGTile005296,X,136020001,136021000,8.59353191320355e-28,3.04239056430814e-25,-21.2947309101155,Esx1,0,-,mRNA,gene,Yes,Yes,Yes
HDM_ESR1_Male-v-HDM_ESR1_FemaleCpGTile.58381,CpGTile005297,X,138511001,138512000,2.92514687035418e-114,1.7605155664393e-110,-24.5646200161025,Rnf128,0,+,mRNA,gene,Yes,Yes,Yes
HDM_ESR1_Male-v-HDM_ESR1_FemaleCpGTile.58382,CpGTile005298,X,138512001,138513000,1.10138417377309e-05,0.00120279567370312,-30.885027278238,Rnf128,0,+,transcript,gene,Yes,Yes,Yes
HDM_ESR1_Male-v-HDM_ESR1_FemaleCpGTile.58384,CpGTile004305,X,138772001,138773000,1.31724295499811e-50,9.77412134765735e-48,-27.531322291008,Morc4,0,-,mRNA,gene,Yes,Yes,Yes
HDM_ESR1_Male-v-HDM_ESR1_FemaleCpGTile.58385,CpGTile007528,X,138898001,138899000,3.08044776332676e-17,7.55016212128901e-15,-26.5243243243243,Rbm41,286,-,transcript,gene,Yes,No,Yes
HDM_ESR1_Male-v-HDM_ESR1_FemaleCpGTile.58386,CpGTile005299,X,138961001,138962000,1.47577843827245e-12,2.94975925310152e-10,-22.5429645542428,Nup62cl,1043,-,mRNA,gene,No,Yes,Yes
HDM_ESR1_Male-v-HDM_ESR1_FemaleCpGTile.58387,CpGTile005300,X,138962001,138963000,1.69327696782703e-101,6.55140831517707e-98,-28.9347966610161,Nup62cl,43,-,mRNA,gene,Yes,Yes,Yes
HDM_ESR1_Male-v-HDM_ESR1_FemaleCpGTile.58388,CpGTile005035,X,138963001,138964000,7.64171104648029e-11,1.38902176196543e-08,-22.5978731413514,Dnaaf6b,0,+,mRNA,gene,Yes,Yes,Yes
HDM_ESR1_Male-v-HDM_ESR1_FemaleCpGTile.58389,CpGTile005301,X,139178001,139179000,1.76490440589958e-57,1.87450115935383e-54,-24.680778966805,Gm15046,0,-,lnc_RNA,ncRNA_gene,Yes,Yes,Yes
HDM_ESR1_Male-v-HDM_ESR1_FemaleCpGTile.58390,CpGTile005302,X,139412001,139413000,5.32041105681226e-07,7.27754171648546e-05,-17.834044309894,Tsc22d3,30418,-,transcript,gene,No,No,No
HDM_ESR1_Male-v-HDM_ESR1_FemaleCpGTile.58391,CpGTile005303,X,139443001,139444000,1.92994089177246e-25,6.33570235092648e-23,-20.8953747217413,Tsc22d3,0,-,lnc_RNA,gene,Yes,Yes,Yes
HDM_ESR1_Male-v-HDM_ESR1_FemaleCpGTile.58392,CpGTile005304,X,139499001,139500000,1.34132774429215e-120,9.08196079703849e-117,-19.942790419054,Tsc22d3,1409,-,mRNA,gene,No,Yes,Yes
HDM_ESR1_Male-v-HDM_ESR1_FemaleCpGTile.58393,CpGTile005305,X,139500001,139501000,3.57077211431787e-106,1.61181647539876e-102,-31.0879889685024,Tsc22d3,409,-,mRNA,gene,Yes,No,Yes
HDM_ESR1_Male-v-HDM_ESR1_FemaleCpGTile.58395,CpGTile005306,X,139565001,139566000,1.43857718341908e-55,1.39148921005676e-52,-25.1199597554369,Mid2,0,+,mRNA,gene,Yes,Yes,Yes
HDM_ESR1_Male-v-HDM_ESR1_FemaleCpGTile.58396,CpGTile005307,X,139566001,139567000,5.18238219357274e-47,3.42334199917025e-44,-24.7242591541129,Mid2,182,+,mRNA,gene,Yes,Yes,Yes
HDM_ESR1_Male-v-HDM_ESR1_FemaleCpGTile.58398,CpGTile005308,X,139857001,139858000,1.86308713065233e-26,6.42788673802441e-24,-41.1642411642412,Atg4a,0,+,mRNA,gene,Yes,Yes,Yes
HDM_ESR1_Male-v-HDM_ESR1_FemaleCpGTile.58400,CpGTile004306,X,140506001,140507000,1.3050807302935e-15,2.9827972462099e-13,-34.6222471769917,Gm15295,-834,+,lnc_RNA,ncRNA_gene,Yes,Yes,No
HDM_ESR1_Male-v-HDM_ESR1_FemaleCpGTile.58401,CpGTile005309,X,140508001,140509000,3.70418214162437e-09,6.15473609353946e-07,-29.9299014238773,Irs4,0,-,mRNA,gene,Yes,Yes,Yes
HDM_ESR1_Male-v-HDM_ESR1_FemaleCpGTile.58404,CpGTile005310,X,141089001,141090000,9.18868450371006e-06,0.0010178392243302,-17.9079120726718,Kcne1l,0,-,mRNA,gene,Yes,Yes,No
HDM_ESR1_Male-v-HDM_ESR1_FemaleCpGTile.58405,CpGTile005311,X,141173001,141174000,2.0532610930291e-37,1.04923559326506e-34,-23.7148852256539,Acsl4,0,-,mRNA,gene,Yes,Yes,Yes
HDM_ESR1_Male-v-HDM_ESR1_FemaleCpGTile.58407,CpGTile005312,X,141464001,141465000,1.24002619607467e-21,3.48023245788911e-19,-18.7506053268765,Tmem164,0,+,mRNA,gene,Yes,Yes,Yes
HDM_ESR1_Male-v-HDM_ESR1_FemaleCpGTile.58408,CpGTile004307,X,141589001,141590000,5.99235485669496e-08,9.16914759869378e-06,-28.4947252996559,Tmem164,-18737,+,mRNA,gene,No,Yes,Yes
HDM_ESR1_Male-v-HDM_ESR1_FemaleCpGTile.58409,CpGTile005313,X,141749001,141750000,6.94176505119557e-73,1.01625545245749e-69,-21.0905039963115,Ammecr1,0,-,mRNA,gene,Yes,Yes,Yes
HDM_ESR1_Male-v-HDM_ESR1_FemaleCpGTile.58411,CpGTile005314,X,142177001,142178000,3.8539824832763e-27,1.34682987253233e-24,-27.0531846253111,Chrdl1,0,-,mRNA,gene,Yes,Yes,No
HDM_ESR1_Male-v-HDM_ESR1_FemaleCpGTile.58412,CpGTile005315,X,142301001,142302000,1.71610373674627e-07,2.45477886479999e-05,-33.6744186046512,Pak3,0,+,mRNA,gene,Yes,Yes,Yes
HDM_ESR1_Male-v-HDM_ESR1_FemaleCpGTile.58413,CpGTile007529,X,142716001,142717000,7.21960211160815e-09,1.18504277167941e-06,-26.7578125,Dcx,0,-,mRNA,gene,Yes,Yes,Yes
HDM_ESR1_Male-v-HDM_ESR1_FemaleCpGTile.58420,CpGTile005317,X,145745001,145746000,4.34687164186258e-08,6.82483919759353e-06,-15.4085045389393,Htr2c,0,+,transcript,gene,Yes,Yes,No
HDM_ESR1_Male-v-HDM_ESR1_FemaleCpGTile.58421,CpGTile005318,X,145746001,145747000,2.86573736567128e-26,9.76279037355185e-24,-25.5715871254162,Htr2c,0,+,mRNA,gene,Yes,Yes,Yes
HDM_ESR1_Male-v-HDM_ESR1_FemaleCpGTile.58424,CpGTile007530,X,146067001,146068000,0.000641160877172103,0.0357302003677046,-19.3211303486342,Il13ra2,118829,-,mRNA,gene,No,No,No
HDM_ESR1_Male-v-HDM_ESR1_FemaleCpGTile.58425,CpGTile005319,X,146336001,146337000,7.28956458831666e-60,8.05824023313028e-57,-27.3305419989155,Lrch2,47,-,mRNA,gene,Yes,Yes,Yes
HDM_ESR1_Male-v-HDM_ESR1_FemaleCpGTile.58429,CpGTile005320,X,149371001,149372000,7.48679535297774e-12,1.46933756616142e-09,-18.8804945054945,Pfkfb1,0,+,transcript,gene,Yes,Yes,Yes
HDM_ESR1_Male-v-HDM_ESR1_FemaleCpGTile.58434,CpGTile005037,X,149800001,149801000,2.56929699360911e-23,7.68901018233868e-21,-34.3192145407335,Gnl3l,0,-,mRNA,gene,Yes,Yes,Yes
HDM_ESR1_Male-v-HDM_ESR1_FemaleCpGTile.58435,CpGTile005321,X,149830001,149831000,1.17574765522119e-159,2.12289037880424e-155,-26.8200548029894,Fgd1,0,+,mRNA,gene,Yes,Yes,Yes
HDM_ESR1_Male-v-HDM_ESR1_FemaleCpGTile.58437,CpGTile005322,X,149952001,149953000,1.64901356509584e-15,3.7217542134935e-13,-22.0096690839376,Gm15138,0,+,lnc_RNA,ncRNA_gene,Yes,Yes,Yes
HDM_ESR1_Male-v-HDM_ESR1_FemaleCpGTile.58439,CpGTile005038,X,150303001,150304000,3.5341586021636e-10,6.15545766253455e-08,-18.2302231237323,Phf8,0,+,mRNA,gene,Yes,Yes,No
HDM_ESR1_Male-v-HDM_ESR1_FemaleCpGTile.58440,CpGTile005323,X,150304001,150305000,5.70799751131116e-07,7.78803636117511e-05,-15.252606255012,Phf8,0,+,mRNA,gene,Yes,Yes,Yes
HDM_ESR1_Male-v-HDM_ESR1_FemaleCpGTile.58441,CpGTile005324,X,150586001,150587000,3.13515130673316e-61,3.61322785454512e-58,-25.3649090186123,Huwe1,0,+,lnc_RNA,gene,Yes,Yes,Yes
HDM_ESR1_Male-v-HDM_ESR1_FemaleCpGTile.58442,CpGTile005325,X,150799001,150800000,2.1390786945145e-10,3.77418417064859e-08,-15.2005973406852,Smc1a,0,+,mRNA,gene,Yes,Yes,Yes
HDM_ESR1_Male-v-HDM_ESR1_FemaleCpGTile.58445,CpGTile005326,X,151552001,151553000,1.79949641962891e-29,6.76897947120195e-27,-14.9266300275063,Shroom2,0,-,mRNA,gene,Yes,Yes,Yes
HDM_ESR1_Male-v-HDM_ESR1_FemaleCpGTile.58451,CpGTile005328,X,152281001,152282000,1.84404925765365e-14,4.01150994026367e-12,-21.7486611034998,Ubqln2,0,+,mRNA,gene,Yes,Yes,No
HDM_ESR1_Male-v-HDM_ESR1_FemaleCpGTile.58455,CpGTile004366,X,153999001,154000000,1.48251174840336e-19,3.99518402492033e-17,-18.8691639653263,Sat1,0,-,lnc_RNA,gene,Yes,Yes,Yes
HDM_ESR1_Male-v-HDM_ESR1_FemaleCpGTile.58456,CpGTile005329,X,154121001,154122000,2.46814091161844e-18,6.27660863046572e-16,-18.4475806451613,Prdx4,0,-,transcript,gene,Yes,Yes,Yes
HDM_ESR1_Male-v-HDM_ESR1_FemaleCpGTile.58457,CpGTile005330,X,154405001,154406000,3.18692762485206e-09,5.3115777373592e-07,-34.4158018078339,Gm15156,0,+,lnc_RNA,ncRNA_gene,Yes,Yes,Yes
HDM_ESR1_Male-v-HDM_ESR1_FemaleCpGTile.58458,CpGTile005331,X,154406001,154407000,1.55765554972776e-49,1.09575990166506e-46,-21.4827369988635,Ptchd1,0,-,transcript,gene,Yes,Yes,Yes
HDM_ESR1_Male-v-HDM_ESR1_FemaleCpGTile.58466,CpGTile005432,X,156274001,156275000,1.03213480615552e-63,1.30017757254469e-60,-33.9155136745011,Sms,0,-,mRNA,gene,Yes,Yes,Yes
HDM_ESR1_Male-v-HDM_ESR1_FemaleCpGTile.58467,CpGTile005332,X,156381001,156382000,1.52438309445522e-172,4.12856218397736e-168,-25.4620276752618,Mbtps2,0,-,mRNA,gene,Yes,Yes,Yes
HDM_ESR1_Male-v-HDM_ESR1_FemaleCpGTile.58471,CpGTile005333,X,156826001,156827000,1.05158229455695e-53,9.18726573019723e-51,-29.7272131952687,Cnksr2,0,-,mRNA,gene,Yes,Yes,No
HDM_ESR1_Male-v-HDM_ESR1_FemaleCpGTile.58472,CpGTile004308,X,156895001,156896000,8.19966647823626e-06,0.000919567808078075,-21.8395945140131,Gm8659,-37092,+,pseudogenic_transcript,pseudogene,No,No,No
HDM_ESR1_Male-v-HDM_ESR1_FemaleCpGTile.58476,CpGTile005334,X,158039001,158040000,3.49502160516378e-36,1.66065614020753e-33,-21.2310523607868,Rps6ka3,0,+,mRNA,gene,Yes,Yes,Yes
HDM_ESR1_Male-v-HDM_ESR1_FemaleCpGTile.58477,CpGTile005335,X,158197001,158198000,6.21730281593671e-128,4.8110368404258e-124,-20.3337604466879,Map7d2,0,+,mRNA,gene,Yes,Yes,Yes
HDM_ESR1_Male-v-HDM_ESR1_FemaleCpGTile.58479,CpGTile005336,X,158316001,158317000,7.25941751058263e-39,3.89327519770575e-36,-25.9429198300481,Bclaf3,288,+,mRNA,gene,Yes,No,Yes
HDM_ESR1_Male-v-HDM_ESR1_FemaleCpGTile.58480,CpGTile005337,X,158410001,158411000,4.30170343905211e-31,1.73888303531035e-28,-22.8027848624802,Sh3kbp1,0,+,lnc_RNA,gene,Yes,Yes,Yes
HDM_ESR1_Male-v-HDM_ESR1_FemaleCpGTile.58481,CpGTile005338,X,158411001,158412000,3.49822524369837e-16,8.20295807098709e-14,-25.735262821877,Sh3kbp1,466,+,lnc_RNA,gene,Yes,No,Yes
HDM_ESR1_Male-v-HDM_ESR1_FemaleCpGTile.58484,CpGTile005339,X,158771001,158772000,4.98905343020188e-90,1.17496524677942e-86,-23.8871346707917,Map3k15,0,+,mRNA,gene,Yes,Yes,Yes
HDM_ESR1_Male-v-HDM_ESR1_FemaleCpGTile.58485,CpGTile004309,X,158919001,158920000,1.66303726837552e-06,0.000213463798383272,-24.3539450802766,Pdha1,1306,-,lnc_RNA,gene,No,Yes,Yes
HDM_ESR1_Male-v-HDM_ESR1_FemaleCpGTile.58486,CpGTile005340,X,158921001,158922000,1.4368547884188e-34,6.48584156754971e-32,-18.7769767387602,Pdha1,0,-,transcript,gene,Yes,Yes,Yes
HDM_ESR1_Male-v-HDM_ESR1_FemaleCpGTile.58487,CpGTile005341,X,159173001,159174000,1.86935937326093e-25,6.17424209079313e-23,-30.5890367885966,Adgrg2,0,+,lnc_RNA,gene,Yes,Yes,Yes
HDM_ESR1_Male-v-HDM_ESR1_FemaleCpGTile.58488,CpGTile005342,X,159285001,159286000,1.98962039156437e-29,7.38162655155423e-27,-21.7732590405576,Phka2,0,+,mRNA,gene,Yes,Yes,Yes
HDM_ESR1_Male-v-HDM_ESR1_FemaleCpGTile.58489,CpGTile004310,X,159777001,159778000,1.75284204590068e-11,3.39093490695811e-09,-31.6744730679157,Cdkl5,0,-,mRNA,gene,Yes,Yes,Yes
HDM_ESR1_Male-v-HDM_ESR1_FemaleCpGTile.58491,CpGTile005343,X,160500001,160501000,2.18968528650058e-41,1.24851221890362e-38,-28.2854514959693,Rai2,0,+,mRNA,gene,Yes,Yes,Yes
HDM_ESR1_Male-v-HDM_ESR1_FemaleCpGTile.58492,CpGTile005344,X,160691001,160692000,1.56221359582438e-77,2.56425478985103e-74,-30.3789226046933,Gm15202,0,+,lnc_RNA,ncRNA_gene,Yes,Yes,Yes
HDM_ESR1_Male-v-HDM_ESR1_FemaleCpGTile.58493,CpGTile005345,X,160692001,160693000,5.55868922879669e-15,1.21901807007229e-12,-30.2398695854681,Gm15202,784,+,lnc_RNA,ncRNA_gene,Yes,No,Yes
HDM_ESR1_Male-v-HDM_ESR1_FemaleCpGTile.58495,CpGTile005346,X,160942001,160943000,2.32582050661509e-102,9.69097660682181e-99,-29.9943963145163,Nhs,0,-,mRNA,gene,Yes,Yes,No
HDM_ESR1_Male-v-HDM_ESR1_FemaleCpGTile.58497,CpGTile005347,X,161426001,161427000,5.00482566160937e-17,1.21567865945561e-14,-19.2450457863182,Reps2,0,-,mRNA,gene,Yes,Yes,Yes
HDM_ESR1_Male-v-HDM_ESR1_FemaleCpGTile.58498,CpGTile005348,X,161611001,161612000,5.39484664979508e-23,1.59684483052486e-20,-21.4474678760393,Txlng,451,-,mRNA,gene,Yes,Yes,Yes
HDM_ESR1_Male-v-HDM_ESR1_FemaleCpGTile.58499,CpGTile004311,X,161612001,161613000,9.9173888170226e-30,3.78306408363394e-27,-32.8214429665458,Txlng,0,-,transcript,gene,Yes,Yes,Yes
HDM_ESR1_Male-v-HDM_ESR1_FemaleCpGTile.58500,CpGTile005349,X,161685001,161686000,1.67553394463449e-10,2.99533433182941e-08,-32.4324324324324,Ctps2,0,+,transcript,gene,Yes,Yes,Yes
HDM_ESR1_Male-v-HDM_ESR1_FemaleCpGTile.58502,CpGTile005350,X,162692001,162693000,1.8762972700997e-129,1.69388958794988e-125,-23.6329274715742,Ap1s2,0,+,mRNA,gene,Yes,Yes,Yes
HDM_ESR1_Male-v-HDM_ESR1_FemaleCpGTile.58504,CpGTile007531,X,163202001,163203000,7.74070157662133e-23,2.25425002210722e-20,-26.5692767173094,Piga,0,+,mRNA,gene,Yes,Yes,Yes
HDM_ESR1_Male-v-HDM_ESR1_FemaleCpGTile.58511,CpGTile005352,X,164194001,164195000,5.74355216336309e-14,1.22004287065573e-11,-20.4935064935065,Glra2,-83613,-,mRNA,gene,No,No,No
HDM_ESR1_Male-v-HDM_ESR1_FemaleCpGTile.58516,CpGTile005353,X,165021001,165022000,7.08185796855738e-30,2.74002092177807e-27,-15.5863707222923,Gpm6b,0,+,mRNA,gene,Yes,Yes,No
HDM_ESR1_Male-v-HDM_ESR1_FemaleCpGTile.58517,CpGTile007532,X,165022001,165023000,8.91470725925264e-29,3.24082455076772e-26,-20.1253918495298,Gpm6b,35,+,mRNA,gene,Yes,Yes,Yes
HDM_ESR1_Male-v-HDM_ESR1_FemaleCpGTile.58518,CpGTile005354,X,165112001,165113000,1.27109404796025e-07,1.85084243162713e-05,-32.9229366165071,Gpm6b,-14688,+,mRNA,gene,No,No,Yes
HDM_ESR1_Male-v-HDM_ESR1_FemaleCpGTile.58519,CpGTile005355,X,165293001,165294000,1.92173158881489e-10,3.40177828627144e-08,-13.5990431204006,ENSMUSG00000120664,0,+,lnc_RNA,ncRNA_gene,Yes,Yes,Yes
HDM_ESR1_Male-v-HDM_ESR1_FemaleCpGTile.58521,CpGTile005356,X,165992001,165993000,3.48701154263121e-25,1.12429118456766e-22,-25.0934798041095,Tmsb4x,0,-,mRNA,gene,Yes,Yes,Yes
HDM_ESR1_Male-v-HDM_ESR1_FemaleCpGTile.58522,CpGTile005357,X,166165001,166166000,8.58820036822226e-35,3.90921817307561e-32,-27.3584128766611,Prps2,0,-,transcript,gene,Yes,Yes,Yes
HDM_ESR1_Male-v-HDM_ESR1_FemaleCpGTile.58525,CpGTile005358,X,167456001,167457000,8.67827818487432e-33,3.70138745496624e-30,-29.63595877997,Msl3,0,-,mRNA,gene,Yes,Yes,Yes
HDM_ESR1_Male-v-HDM_ESR1_FemaleCpGTile.58526,CpGTile005040,X,167457001,167458000,2.33096659768776e-05,0.00236888262949035,-16.0744186046512,Msl3,-108,-,mRNA,gene,Yes,No,No
HDM_ESR1_Male-v-HDM_ESR1_FemaleCpGTile.58528,CpGTile004313,X,167577001,167578000,2.98945701699471e-09,4.99783605071041e-07,-29.0781779008926,Arhgap6,-95,+,mRNA,gene,Yes,No,No
HDM_ESR1_Male-v-HDM_ESR1_FemaleCpGTile.58529,CpGTile005359,X,167578001,167579000,6.78481195703638e-23,1.98655589590992e-20,-20.791788856305,Arhgap6,0,+,mRNA,gene,Yes,Yes,No
HDM_ESR1_Male-v-HDM_ESR1_FemaleCpGTile.58530,CpGTile005360,X,167579001,167580000,5.11523009715915e-54,4.61794361673049e-51,-35.6435672843194,Arhgap6,908,+,mRNA,gene,Yes,Yes,Yes
HDM_ESR1_Male-v-HDM_ESR1_FemaleCpGTile.58533,CpGTile005361,X,168103001,168104000,2.13020072167613e-53,1.83153271387067e-50,-24.0306801381926,Gm15246,0,+,lnc_RNA,ncRNA_gene,Yes,Yes,Yes
HDM_ESR1_Male-v-HDM_ESR1_FemaleCpGTile.58534,CpGTile005435,X,168662001,168663000,3.58494638720073e-13,7.38348877353319e-11,-19.2650214592275,Mid1,0,+,mRNA,gene,Yes,Yes,Yes
HDM_ESR1_Male-v-HDM_ESR1_FemaleCpGTile.58535,CpGTile005362,X,168663001,168664000,8.58203591674963e-29,3.14096657307667e-26,-28.0988593155894,Mid1,343,+,mRNA,gene,Yes,No,Yes
HDM_ESR1_Male-v-HDM_ESR1_FemaleCpGTile.58559,CpGTile007533,Y,10643001,10644000,1.16762557868139e-07,1.72768902414129e-05,11.6169191540423,Gm20775,0,-,pseudogenic_transcript,pseudogene,Yes,Yes,No
